0.52, 4, 1, 0.25, 0.8112781244591328
0.50, 4, 1, 0.25, 0.8112781244591328
0.51, 4, 1, 0.25, 0.8112781244591328
0.49, 4, 1, 0.25, 0.8112781244591328
0.52, 4, 1, 0.25, 0.8112781244591328
0.50, 4, 1, 0.25, 0.8112781244591328
0.50, 4, 1, 0.25, 0.8112781244591328
0.49, 4, 1, 0.25, 0.8112781244591328
0.50, 4, 1, 0.25, 0.8112781244591328
0.48, 4, 1, 0.25, 0.8112781244591328
0.50, 4, 2, 0.0625, 1.014097655573916
0.51, 4, 2, 0.0625, 1.014097655573916
0.51, 4, 2, 0.0625, 1.014097655573916
0.50, 4, 2, 0.0625, 1.014097655573916
0.50, 4, 2, 0.0625, 1.014097655573916
0.49, 4, 2, 0.0625, 1.014097655573916
0.51, 4, 2, 0.0625, 1.014097655573916
0.50, 4, 2, 0.0625, 1.014097655573916
0.49, 4, 2, 0.0625, 1.014097655573916
0.49, 4, 2, 0.0625, 1.014097655573916
0.51, 4, 3, 0.015625, 1.064802538352612
0.50, 4, 3, 0.015625, 1.064802538352612
0.55, 4, 3, 0.015625, 1.064802538352612
0.50, 4, 3, 0.015625, 1.064802538352612
0.51, 4, 3, 0.015625, 1.064802538352612
0.50, 4, 3, 0.015625, 1.064802538352612
0.55, 4, 3, 0.015625, 1.064802538352612
0.54, 4, 3, 0.015625, 1.064802538352612
0.50, 4, 3, 0.015625, 1.064802538352612
0.55, 4, 3, 0.015625, 1.064802538352612
0.55, 4, 4, 0.00390625, 1.077478759047286
0.51, 4, 4, 0.00390625, 1.077478759047286
0.52, 4, 4, 0.00390625, 1.077478759047286
0.53, 4, 4, 0.00390625, 1.077478759047286
0.51, 4, 4, 0.00390625, 1.077478759047286
0.55, 4, 4, 0.00390625, 1.077478759047286
0.51, 4, 4, 0.00390625, 1.077478759047286
0.52, 4, 4, 0.00390625, 1.077478759047286
0.55, 4, 4, 0.00390625, 1.077478759047286
0.53, 4, 4, 0.00390625, 1.077478759047286
0.53, 4, 5, 9.765625E-4, 1.0806478142209546
0.53, 4, 5, 9.765625E-4, 1.0806478142209546
0.53, 4, 5, 9.765625E-4, 1.0806478142209546
0.52, 4, 5, 9.765625E-4, 1.0806478142209546
0.55, 4, 5, 9.765625E-4, 1.0806478142209546
0.54, 4, 5, 9.765625E-4, 1.0806478142209546
0.56, 4, 5, 9.765625E-4, 1.0806478142209546
0.58, 4, 5, 9.765625E-4, 1.0806478142209546
0.57, 4, 5, 9.765625E-4, 1.0806478142209546
0.52, 4, 5, 9.765625E-4, 1.0806478142209546
0.59, 4, 6, 2.44140625E-4, 1.0814400780143716
0.55, 4, 6, 2.44140625E-4, 1.0814400780143716
0.57, 4, 6, 2.44140625E-4, 1.0814400780143716
0.56, 4, 6, 2.44140625E-4, 1.0814400780143716
0.54, 4, 6, 2.44140625E-4, 1.0814400780143716
0.55, 4, 6, 2.44140625E-4, 1.0814400780143716
0.54, 4, 6, 2.44140625E-4, 1.0814400780143716
0.53, 4, 6, 2.44140625E-4, 1.0814400780143716
0.53, 4, 6, 2.44140625E-4, 1.0814400780143716
0.55, 4, 6, 2.44140625E-4, 1.0814400780143716
0.55, 4, 7, 6.103515625E-5, 1.0816381439627258
0.56, 4, 7, 6.103515625E-5, 1.0816381439627258
0.57, 4, 7, 6.103515625E-5, 1.0816381439627258
0.55, 4, 7, 6.103515625E-5, 1.0816381439627258
0.57, 4, 7, 6.103515625E-5, 1.0816381439627258
0.56, 4, 7, 6.103515625E-5, 1.0816381439627258
0.57, 4, 7, 6.103515625E-5, 1.0816381439627258
0.55, 4, 7, 6.103515625E-5, 1.0816381439627258
0.55, 4, 7, 6.103515625E-5, 1.0816381439627258
0.56, 4, 7, 6.103515625E-5, 1.0816381439627258
0.57, 4, 8, 1.52587890625E-5, 1.0816876604498145
0.57, 4, 8, 1.52587890625E-5, 1.0816876604498145
0.57, 4, 8, 1.52587890625E-5, 1.0816876604498145
0.58, 4, 8, 1.52587890625E-5, 1.0816876604498145
0.56, 4, 8, 1.52587890625E-5, 1.0816876604498145
0.57, 4, 8, 1.52587890625E-5, 1.0816876604498145
0.57, 4, 8, 1.52587890625E-5, 1.0816876604498145
0.57, 4, 8, 1.52587890625E-5, 1.0816876604498145
0.57, 4, 8, 1.52587890625E-5, 1.0816876604498145
0.57, 4, 8, 1.52587890625E-5, 1.0816876604498145
0.60, 4, 9, 3.814697265625E-6, 1.0817000395715866
0.59, 4, 9, 3.814697265625E-6, 1.0817000395715866
0.59, 4, 9, 3.814697265625E-6, 1.0817000395715866
0.60, 4, 9, 3.814697265625E-6, 1.0817000395715866
0.59, 4, 9, 3.814697265625E-6, 1.0817000395715866
0.59, 4, 9, 3.814697265625E-6, 1.0817000395715866
0.62, 4, 9, 3.814697265625E-6, 1.0817000395715866
0.63, 4, 9, 3.814697265625E-6, 1.0817000395715866
0.60, 4, 9, 3.814697265625E-6, 1.0817000395715866
0.59, 4, 9, 3.814697265625E-6, 1.0817000395715866
0.61, 4, 10, 9.5367431640625E-7, 1.0817031343520294
0.60, 4, 10, 9.5367431640625E-7, 1.0817031343520294
0.58, 4, 10, 9.5367431640625E-7, 1.0817031343520294
0.61, 4, 10, 9.5367431640625E-7, 1.0817031343520294
0.58, 4, 10, 9.5367431640625E-7, 1.0817031343520294
0.61, 4, 10, 9.5367431640625E-7, 1.0817031343520294
0.59, 4, 10, 9.5367431640625E-7, 1.0817031343520294
0.60, 4, 10, 9.5367431640625E-7, 1.0817031343520294
0.60, 4, 10, 9.5367431640625E-7, 1.0817031343520294
0.59, 4, 10, 9.5367431640625E-7, 1.0817031343520294
0.61, 4, 11, 2.384185791015625E-7, 1.0817039080471404
0.63, 4, 11, 2.384185791015625E-7, 1.0817039080471404
0.60, 4, 11, 2.384185791015625E-7, 1.0817039080471404
0.62, 4, 11, 2.384185791015625E-7, 1.0817039080471404
0.61, 4, 11, 2.384185791015625E-7, 1.0817039080471404
0.62, 4, 11, 2.384185791015625E-7, 1.0817039080471404
0.60, 4, 11, 2.384185791015625E-7, 1.0817039080471404
0.61, 4, 11, 2.384185791015625E-7, 1.0817039080471404
0.61, 4, 11, 2.384185791015625E-7, 1.0817039080471404
0.62, 4, 11, 2.384185791015625E-7, 1.0817039080471404
0.65, 4, 12, 5.9604644775390625E-8, 1.081704101470918
0.65, 4, 12, 5.9604644775390625E-8, 1.081704101470918
0.63, 4, 12, 5.9604644775390625E-8, 1.081704101470918
0.63, 4, 12, 5.9604644775390625E-8, 1.081704101470918
0.63, 4, 12, 5.9604644775390625E-8, 1.081704101470918
0.63, 4, 12, 5.9604644775390625E-8, 1.081704101470918
0.65, 4, 12, 5.9604644775390625E-8, 1.081704101470918
0.64, 4, 12, 5.9604644775390625E-8, 1.081704101470918
0.64, 4, 12, 5.9604644775390625E-8, 1.081704101470918
0.63, 4, 12, 5.9604644775390625E-8, 1.081704101470918
0.64, 4, 13, 1.4901161193847656E-8, 1.0817041498268625
0.65, 4, 13, 1.4901161193847656E-8, 1.0817041498268625
0.63, 4, 13, 1.4901161193847656E-8, 1.0817041498268625
0.65, 4, 13, 1.4901161193847656E-8, 1.0817041498268625
0.65, 4, 13, 1.4901161193847656E-8, 1.0817041498268625
0.66, 4, 13, 1.4901161193847656E-8, 1.0817041498268625
0.66, 4, 13, 1.4901161193847656E-8, 1.0817041498268625
0.66, 4, 13, 1.4901161193847656E-8, 1.0817041498268625
0.66, 4, 13, 1.4901161193847656E-8, 1.0817041498268625
0.65, 4, 13, 1.4901161193847656E-8, 1.0817041498268625
0.70, 4, 14, 3.725290298461914E-9, 1.0817041619158485
0.68, 4, 14, 3.725290298461914E-9, 1.0817041619158485
0.69, 4, 14, 3.725290298461914E-9, 1.0817041619158485
0.67, 4, 14, 3.725290298461914E-9, 1.0817041619158485
0.69, 4, 14, 3.725290298461914E-9, 1.0817041619158485
0.67, 4, 14, 3.725290298461914E-9, 1.0817041619158485
0.66, 4, 14, 3.725290298461914E-9, 1.0817041619158485
0.68, 4, 14, 3.725290298461914E-9, 1.0817041619158485
0.69, 4, 14, 3.725290298461914E-9, 1.0817041619158485
0.67, 4, 14, 3.725290298461914E-9, 1.0817041619158485
0.70, 4, 15, 9.313225746154785E-10, 1.081704164938095
0.71, 4, 15, 9.313225746154785E-10, 1.081704164938095
0.70, 4, 15, 9.313225746154785E-10, 1.081704164938095
0.68, 4, 15, 9.313225746154785E-10, 1.081704164938095
0.71, 4, 15, 9.313225746154785E-10, 1.081704164938095
0.69, 4, 15, 9.313225746154785E-10, 1.081704164938095
0.69, 4, 15, 9.313225746154785E-10, 1.081704164938095
0.71, 4, 15, 9.313225746154785E-10, 1.081704164938095
0.69, 4, 15, 9.313225746154785E-10, 1.081704164938095
0.68, 4, 15, 9.313225746154785E-10, 1.081704164938095
0.71, 4, 16, 2.3283064365386963E-10, 1.0817041656936568
0.71, 4, 16, 2.3283064365386963E-10, 1.0817041656936568
0.72, 4, 16, 2.3283064365386963E-10, 1.0817041656936568
0.70, 4, 16, 2.3283064365386963E-10, 1.0817041656936568
0.72, 4, 16, 2.3283064365386963E-10, 1.0817041656936568
0.70, 4, 16, 2.3283064365386963E-10, 1.0817041656936568
0.70, 4, 16, 2.3283064365386963E-10, 1.0817041656936568
0.72, 4, 16, 2.3283064365386963E-10, 1.0817041656936568
0.70, 4, 16, 2.3283064365386963E-10, 1.0817041656936568
0.72, 4, 16, 2.3283064365386963E-10, 1.0817041656936568
0.74, 4, 17, 5.820766091346741E-11, 1.0817041658825468
0.74, 4, 17, 5.820766091346741E-11, 1.0817041658825468
0.74, 4, 17, 5.820766091346741E-11, 1.0817041658825468
0.75, 4, 17, 5.820766091346741E-11, 1.0817041658825468
0.75, 4, 17, 5.820766091346741E-11, 1.0817041658825468
0.75, 4, 17, 5.820766091346741E-11, 1.0817041658825468
0.73, 4, 17, 5.820766091346741E-11, 1.0817041658825468
0.74, 4, 17, 5.820766091346741E-11, 1.0817041658825468
0.72, 4, 17, 5.820766091346741E-11, 1.0817041658825468
0.76, 4, 17, 5.820766091346741E-11, 1.0817041658825468
0.78, 4, 18, 1.4551915228366852E-11, 1.0817041659297697
0.75, 4, 18, 1.4551915228366852E-11, 1.0817041659297697
0.77, 4, 18, 1.4551915228366852E-11, 1.0817041659297697
0.75, 4, 18, 1.4551915228366852E-11, 1.0817041659297697
0.79, 4, 18, 1.4551915228366852E-11, 1.0817041659297697
0.83, 4, 18, 1.4551915228366852E-11, 1.0817041659297697
0.79, 4, 18, 1.4551915228366852E-11, 1.0817041659297697
0.76, 4, 18, 1.4551915228366852E-11, 1.0817041659297697
0.79, 4, 18, 1.4551915228366852E-11, 1.0817041659297697
0.78, 4, 18, 1.4551915228366852E-11, 1.0817041659297697
0.81, 4, 19, 3.637978807091713E-12, 1.0817041659415754
0.79, 4, 19, 3.637978807091713E-12, 1.0817041659415754
0.80, 4, 19, 3.637978807091713E-12, 1.0817041659415754
0.80, 4, 19, 3.637978807091713E-12, 1.0817041659415754
0.81, 4, 19, 3.637978807091713E-12, 1.0817041659415754
0.79, 4, 19, 3.637978807091713E-12, 1.0817041659415754
0.79, 4, 19, 3.637978807091713E-12, 1.0817041659415754
0.80, 4, 19, 3.637978807091713E-12, 1.0817041659415754
0.80, 4, 19, 3.637978807091713E-12, 1.0817041659415754
0.82, 4, 19, 3.637978807091713E-12, 1.0817041659415754
0.82, 4, 20, 9.094947017729282E-13, 1.0817041659445268
0.82, 4, 20, 9.094947017729282E-13, 1.0817041659445268
0.81, 4, 20, 9.094947017729282E-13, 1.0817041659445268
0.82, 4, 20, 9.094947017729282E-13, 1.0817041659445268
0.83, 4, 20, 9.094947017729282E-13, 1.0817041659445268
0.86, 4, 20, 9.094947017729282E-13, 1.0817041659445268
0.84, 4, 20, 9.094947017729282E-13, 1.0817041659445268
0.82, 4, 20, 9.094947017729282E-13, 1.0817041659445268
0.83, 4, 20, 9.094947017729282E-13, 1.0817041659445268
0.83, 4, 20, 9.094947017729282E-13, 1.0817041659445268
0.50, 8, 1, 0.125, 0.5435644431995964
0.49, 8, 1, 0.125, 0.5435644431995964
0.48, 8, 1, 0.125, 0.5435644431995964
0.48, 8, 1, 0.125, 0.5435644431995964
0.48, 8, 1, 0.125, 0.5435644431995964
0.49, 8, 1, 0.125, 0.5435644431995964
0.48, 8, 1, 0.125, 0.5435644431995964
0.48, 8, 1, 0.125, 0.5435644431995964
0.47, 8, 1, 0.125, 0.5435644431995964
0.48, 8, 1, 0.125, 0.5435644431995964
0.51, 8, 2, 0.015625, 0.611509998599546
0.50, 8, 2, 0.015625, 0.611509998599546
0.49, 8, 2, 0.015625, 0.611509998599546
0.49, 8, 2, 0.015625, 0.611509998599546
0.49, 8, 2, 0.015625, 0.611509998599546
0.50, 8, 2, 0.015625, 0.611509998599546
0.50, 8, 2, 0.015625, 0.611509998599546
0.50, 8, 2, 0.015625, 0.611509998599546
0.49, 8, 2, 0.015625, 0.611509998599546
0.49, 8, 2, 0.015625, 0.611509998599546
0.50, 8, 3, 0.001953125, 0.6200031930245397
0.51, 8, 3, 0.001953125, 0.6200031930245397
0.50, 8, 3, 0.001953125, 0.6200031930245397
0.50, 8, 3, 0.001953125, 0.6200031930245397
0.50, 8, 3, 0.001953125, 0.6200031930245397
0.49, 8, 3, 0.001953125, 0.6200031930245397
0.50, 8, 3, 0.001953125, 0.6200031930245397
0.55, 8, 3, 0.001953125, 0.6200031930245397
0.55, 8, 3, 0.001953125, 0.6200031930245397
0.51, 8, 3, 0.001953125, 0.6200031930245397
0.56, 8, 4, 2.44140625E-4, 0.6210648423276639
0.51, 8, 4, 2.44140625E-4, 0.6210648423276639
0.53, 8, 4, 2.44140625E-4, 0.6210648423276639
0.57, 8, 4, 2.44140625E-4, 0.6210648423276639
0.51, 8, 4, 2.44140625E-4, 0.6210648423276639
0.57, 8, 4, 2.44140625E-4, 0.6210648423276639
0.53, 8, 4, 2.44140625E-4, 0.6210648423276639
0.52, 8, 4, 2.44140625E-4, 0.6210648423276639
0.51, 8, 4, 2.44140625E-4, 0.6210648423276639
0.55, 8, 4, 2.44140625E-4, 0.6210648423276639
0.52, 8, 5, 3.0517578125E-5, 0.6211975484905544
0.54, 8, 5, 3.0517578125E-5, 0.6211975484905544
0.56, 8, 5, 3.0517578125E-5, 0.6211975484905544
0.53, 8, 5, 3.0517578125E-5, 0.6211975484905544
0.52, 8, 5, 3.0517578125E-5, 0.6211975484905544
0.53, 8, 5, 3.0517578125E-5, 0.6211975484905544
0.53, 8, 5, 3.0517578125E-5, 0.6211975484905544
0.55, 8, 5, 3.0517578125E-5, 0.6211975484905544
0.54, 8, 5, 3.0517578125E-5, 0.6211975484905544
0.53, 8, 5, 3.0517578125E-5, 0.6211975484905544
0.57, 8, 6, 3.814697265625E-6, 0.6212141367609156
0.54, 8, 6, 3.814697265625E-6, 0.6212141367609156
0.55, 8, 6, 3.814697265625E-6, 0.6212141367609156
0.54, 8, 6, 3.814697265625E-6, 0.6212141367609156
0.54, 8, 6, 3.814697265625E-6, 0.6212141367609156
0.56, 8, 6, 3.814697265625E-6, 0.6212141367609156
0.55, 8, 6, 3.814697265625E-6, 0.6212141367609156
0.56, 8, 6, 3.814697265625E-6, 0.6212141367609156
0.56, 8, 6, 3.814697265625E-6, 0.6212141367609156
0.54, 8, 6, 3.814697265625E-6, 0.6212141367609156
0.56, 8, 7, 4.76837158203125E-7, 0.6212162102947109
0.57, 8, 7, 4.76837158203125E-7, 0.6212162102947109
0.56, 8, 7, 4.76837158203125E-7, 0.6212162102947109
0.56, 8, 7, 4.76837158203125E-7, 0.6212162102947109
0.55, 8, 7, 4.76837158203125E-7, 0.6212162102947109
0.55, 8, 7, 4.76837158203125E-7, 0.6212162102947109
0.57, 8, 7, 4.76837158203125E-7, 0.6212162102947109
0.55, 8, 7, 4.76837158203125E-7, 0.6212162102947109
0.57, 8, 7, 4.76837158203125E-7, 0.6212162102947109
0.56, 8, 7, 4.76837158203125E-7, 0.6212162102947109
0.57, 8, 8, 5.9604644775390625E-8, 0.6212164694864353
0.59, 8, 8, 5.9604644775390625E-8, 0.6212164694864353
0.56, 8, 8, 5.9604644775390625E-8, 0.6212164694864353
0.58, 8, 8, 5.9604644775390625E-8, 0.6212164694864353
0.56, 8, 8, 5.9604644775390625E-8, 0.6212164694864353
0.68, 8, 8, 5.9604644775390625E-8, 0.6212164694864353
0.58, 8, 8, 5.9604644775390625E-8, 0.6212164694864353
0.58, 8, 8, 5.9604644775390625E-8, 0.6212164694864353
0.57, 8, 8, 5.9604644775390625E-8, 0.6212164694864353
0.56, 8, 8, 5.9604644775390625E-8, 0.6212164694864353
0.59, 8, 9, 7.450580596923828E-9, 0.6212165018854007
0.59, 8, 9, 7.450580596923828E-9, 0.6212165018854007
0.59, 8, 9, 7.450580596923828E-9, 0.6212165018854007
0.60, 8, 9, 7.450580596923828E-9, 0.6212165018854007
0.59, 8, 9, 7.450580596923828E-9, 0.6212165018854007
0.60, 8, 9, 7.450580596923828E-9, 0.6212165018854007
0.60, 8, 9, 7.450580596923828E-9, 0.6212165018854007
0.57, 8, 9, 7.450580596923828E-9, 0.6212165018854007
0.61, 8, 9, 7.450580596923828E-9, 0.6212165018854007
0.59, 8, 9, 7.450580596923828E-9, 0.6212165018854007
0.60, 8, 10, 9.313225746154785E-10, 0.6212165059352714
0.60, 8, 10, 9.313225746154785E-10, 0.6212165059352714
0.59, 8, 10, 9.313225746154785E-10, 0.6212165059352714
0.60, 8, 10, 9.313225746154785E-10, 0.6212165059352714
0.60, 8, 10, 9.313225746154785E-10, 0.6212165059352714
0.62, 8, 10, 9.313225746154785E-10, 0.6212165059352714
0.60, 8, 10, 9.313225746154785E-10, 0.6212165059352714
0.59, 8, 10, 9.313225746154785E-10, 0.6212165059352714
0.62, 8, 10, 9.313225746154785E-10, 0.6212165059352714
0.61, 8, 10, 9.313225746154785E-10, 0.6212165059352714
0.60, 8, 11, 1.1641532182693481E-10, 0.6212165064415053
0.63, 8, 11, 1.1641532182693481E-10, 0.6212165064415053
0.62, 8, 11, 1.1641532182693481E-10, 0.6212165064415053
0.60, 8, 11, 1.1641532182693481E-10, 0.6212165064415053
0.60, 8, 11, 1.1641532182693481E-10, 0.6212165064415053
0.61, 8, 11, 1.1641532182693481E-10, 0.6212165064415053
0.61, 8, 11, 1.1641532182693481E-10, 0.6212165064415053
0.60, 8, 11, 1.1641532182693481E-10, 0.6212165064415053
0.61, 8, 11, 1.1641532182693481E-10, 0.6212165064415053
0.63, 8, 11, 1.1641532182693481E-10, 0.6212165064415053
0.63, 8, 12, 1.4551915228366852E-11, 0.6212165065047845
0.65, 8, 12, 1.4551915228366852E-11, 0.6212165065047845
0.63, 8, 12, 1.4551915228366852E-11, 0.6212165065047845
0.64, 8, 12, 1.4551915228366852E-11, 0.6212165065047845
0.65, 8, 12, 1.4551915228366852E-11, 0.6212165065047845
0.64, 8, 12, 1.4551915228366852E-11, 0.6212165065047845
0.62, 8, 12, 1.4551915228366852E-11, 0.6212165065047845
0.66, 8, 12, 1.4551915228366852E-11, 0.6212165065047845
0.63, 8, 12, 1.4551915228366852E-11, 0.6212165065047845
0.63, 8, 12, 1.4551915228366852E-11, 0.6212165065047845
0.66, 8, 13, 1.8189894035458565E-12, 0.6212165065126946
0.64, 8, 13, 1.8189894035458565E-12, 0.6212165065126946
0.67, 8, 13, 1.8189894035458565E-12, 0.6212165065126946
0.66, 8, 13, 1.8189894035458565E-12, 0.6212165065126946
0.65, 8, 13, 1.8189894035458565E-12, 0.6212165065126946
0.65, 8, 13, 1.8189894035458565E-12, 0.6212165065126946
0.67, 8, 13, 1.8189894035458565E-12, 0.6212165065126946
0.66, 8, 13, 1.8189894035458565E-12, 0.6212165065126946
0.65, 8, 13, 1.8189894035458565E-12, 0.6212165065126946
0.66, 8, 13, 1.8189894035458565E-12, 0.6212165065126946
0.66, 8, 14, 2.2737367544323206E-13, 0.6212165065136832
0.67, 8, 14, 2.2737367544323206E-13, 0.6212165065136832
0.67, 8, 14, 2.2737367544323206E-13, 0.6212165065136832
0.67, 8, 14, 2.2737367544323206E-13, 0.6212165065136832
0.68, 8, 14, 2.2737367544323206E-13, 0.6212165065136832
0.67, 8, 14, 2.2737367544323206E-13, 0.6212165065136832
0.67, 8, 14, 2.2737367544323206E-13, 0.6212165065136832
0.67, 8, 14, 2.2737367544323206E-13, 0.6212165065136832
0.69, 8, 14, 2.2737367544323206E-13, 0.6212165065136832
0.68, 8, 14, 2.2737367544323206E-13, 0.6212165065136832
0.68, 8, 15, 2.8421709430404007E-14, 0.6212165065138068
0.68, 8, 15, 2.8421709430404007E-14, 0.6212165065138068
0.69, 8, 15, 2.8421709430404007E-14, 0.6212165065138068
0.68, 8, 15, 2.8421709430404007E-14, 0.6212165065138068
0.69, 8, 15, 2.8421709430404007E-14, 0.6212165065138068
0.69, 8, 15, 2.8421709430404007E-14, 0.6212165065138068
0.69, 8, 15, 2.8421709430404007E-14, 0.6212165065138068
0.69, 8, 15, 2.8421709430404007E-14, 0.6212165065138068
0.70, 8, 15, 2.8421709430404007E-14, 0.6212165065138068
0.68, 8, 15, 2.8421709430404007E-14, 0.6212165065138068
0.70, 8, 16, 3.552713678800501E-15, 0.6212165065138222
0.72, 8, 16, 3.552713678800501E-15, 0.6212165065138222
0.70, 8, 16, 3.552713678800501E-15, 0.6212165065138222
0.71, 8, 16, 3.552713678800501E-15, 0.6212165065138222
0.72, 8, 16, 3.552713678800501E-15, 0.6212165065138222
0.73, 8, 16, 3.552713678800501E-15, 0.6212165065138222
0.71, 8, 16, 3.552713678800501E-15, 0.6212165065138222
0.71, 8, 16, 3.552713678800501E-15, 0.6212165065138222
0.72, 8, 16, 3.552713678800501E-15, 0.6212165065138222
0.71, 8, 16, 3.552713678800501E-15, 0.6212165065138222
0.76, 8, 17, 4.440892098500626E-16, 0.6212165065138242
0.76, 8, 17, 4.440892098500626E-16, 0.6212165065138242
0.77, 8, 17, 4.440892098500626E-16, 0.6212165065138242
0.76, 8, 17, 4.440892098500626E-16, 0.6212165065138242
0.74, 8, 17, 4.440892098500626E-16, 0.6212165065138242
0.76, 8, 17, 4.440892098500626E-16, 0.6212165065138242
0.86, 8, 17, 4.440892098500626E-16, 0.6212165065138242
0.76, 8, 17, 4.440892098500626E-16, 0.6212165065138242
0.74, 8, 17, 4.440892098500626E-16, 0.6212165065138242
0.75, 8, 17, 4.440892098500626E-16, 0.6212165065138242
0.79, 8, 18, 5.551115123125783E-17, 0.6212165065138244
0.78, 8, 18, 5.551115123125783E-17, 0.6212165065138244
0.79, 8, 18, 5.551115123125783E-17, 0.6212165065138244
0.80, 8, 18, 5.551115123125783E-17, 0.6212165065138244
0.76, 8, 18, 5.551115123125783E-17, 0.6212165065138244
0.78, 8, 18, 5.551115123125783E-17, 0.6212165065138244
0.80, 8, 18, 5.551115123125783E-17, 0.6212165065138244
0.77, 8, 18, 5.551115123125783E-17, 0.6212165065138244
0.77, 8, 18, 5.551115123125783E-17, 0.6212165065138244
0.75, 8, 18, 5.551115123125783E-17, 0.6212165065138244
0.80, 8, 19, 6.938893903907228E-18, 0.6212165065138245
0.83, 8, 19, 6.938893903907228E-18, 0.6212165065138245
0.82, 8, 19, 6.938893903907228E-18, 0.6212165065138245
0.81, 8, 19, 6.938893903907228E-18, 0.6212165065138245
0.80, 8, 19, 6.938893903907228E-18, 0.6212165065138245
0.81, 8, 19, 6.938893903907228E-18, 0.6212165065138245
0.83, 8, 19, 6.938893903907228E-18, 0.6212165065138245
0.81, 8, 19, 6.938893903907228E-18, 0.6212165065138245
0.81, 8, 19, 6.938893903907228E-18, 0.6212165065138245
0.79, 8, 19, 6.938893903907228E-18, 0.6212165065138245
0.84, 8, 20, 8.673617379884035E-19, 0.6212165065138243
0.84, 8, 20, 8.673617379884035E-19, 0.6212165065138243
0.85, 8, 20, 8.673617379884035E-19, 0.6212165065138243
0.83, 8, 20, 8.673617379884035E-19, 0.6212165065138243
0.83, 8, 20, 8.673617379884035E-19, 0.6212165065138243
0.84, 8, 20, 8.673617379884035E-19, 0.6212165065138243
0.83, 8, 20, 8.673617379884035E-19, 0.6212165065138243
0.81, 8, 20, 8.673617379884035E-19, 0.6212165065138243
0.83, 8, 20, 8.673617379884035E-19, 0.6212165065138243
0.82, 8, 20, 8.673617379884035E-19, 0.6212165065138243
0.50, 16, 1, 0.0625, 0.3372900666170139
0.49, 16, 1, 0.0625, 0.3372900666170139
0.48, 16, 1, 0.0625, 0.3372900666170139
0.49, 16, 1, 0.0625, 0.3372900666170139
0.48, 16, 1, 0.0625, 0.3372900666170139
0.50, 16, 1, 0.0625, 0.3372900666170139
0.48, 16, 1, 0.0625, 0.3372900666170139
0.51, 16, 1, 0.0625, 0.3372900666170139
0.48, 16, 1, 0.0625, 0.3372900666170139
0.49, 16, 1, 0.0625, 0.3372900666170139
0.48, 16, 2, 0.00390625, 0.35837069578057723
0.50, 16, 2, 0.00390625, 0.35837069578057723
0.48, 16, 2, 0.00390625, 0.35837069578057723
0.51, 16, 2, 0.00390625, 0.35837069578057723
0.48, 16, 2, 0.00390625, 0.35837069578057723
0.55, 16, 2, 0.00390625, 0.35837069578057723
0.48, 16, 2, 0.00390625, 0.35837069578057723
0.49, 16, 2, 0.00390625, 0.35837069578057723
0.49, 16, 2, 0.00390625, 0.35837069578057723
0.49, 16, 2, 0.00390625, 0.35837069578057723
0.54, 16, 3, 2.44140625E-4, 0.35968823510329995
0.51, 16, 3, 2.44140625E-4, 0.35968823510329995
0.49, 16, 3, 2.44140625E-4, 0.35968823510329995
0.50, 16, 3, 2.44140625E-4, 0.35968823510329995
0.49, 16, 3, 2.44140625E-4, 0.35968823510329995
0.51, 16, 3, 2.44140625E-4, 0.35968823510329995
0.50, 16, 3, 2.44140625E-4, 0.35968823510329995
0.50, 16, 3, 2.44140625E-4, 0.35968823510329995
0.50, 16, 3, 2.44140625E-4, 0.35968823510329995
0.50, 16, 3, 2.44140625E-4, 0.35968823510329995
0.53, 16, 4, 1.52587890625E-5, 0.3597705813109701
0.51, 16, 4, 1.52587890625E-5, 0.3597705813109701
0.56, 16, 4, 1.52587890625E-5, 0.3597705813109701
0.52, 16, 4, 1.52587890625E-5, 0.3597705813109701
0.53, 16, 4, 1.52587890625E-5, 0.3597705813109701
0.55, 16, 4, 1.52587890625E-5, 0.3597705813109701
0.52, 16, 4, 1.52587890625E-5, 0.3597705813109701
0.52, 16, 4, 1.52587890625E-5, 0.3597705813109701
0.56, 16, 4, 1.52587890625E-5, 0.3597705813109701
0.54, 16, 4, 1.52587890625E-5, 0.3597705813109701
0.55, 16, 5, 9.5367431640625E-7, 0.35977572794894946
0.55, 16, 5, 9.5367431640625E-7, 0.35977572794894946
0.55, 16, 5, 9.5367431640625E-7, 0.35977572794894946
0.52, 16, 5, 9.5367431640625E-7, 0.35977572794894946
0.53, 16, 5, 9.5367431640625E-7, 0.35977572794894946
0.55, 16, 5, 9.5367431640625E-7, 0.35977572794894946
0.55, 16, 5, 9.5367431640625E-7, 0.35977572794894946
0.53, 16, 5, 9.5367431640625E-7, 0.35977572794894946
0.52, 16, 5, 9.5367431640625E-7, 0.35977572794894946
0.56, 16, 5, 9.5367431640625E-7, 0.35977572794894946
0.55, 16, 6, 5.9604644775390625E-8, 0.3597760496138232
0.55, 16, 6, 5.9604644775390625E-8, 0.3597760496138232
0.56, 16, 6, 5.9604644775390625E-8, 0.3597760496138232
0.55, 16, 6, 5.9604644775390625E-8, 0.3597760496138232
0.55, 16, 6, 5.9604644775390625E-8, 0.3597760496138232
0.55, 16, 6, 5.9604644775390625E-8, 0.3597760496138232
0.54, 16, 6, 5.9604644775390625E-8, 0.3597760496138232
0.54, 16, 6, 5.9604644775390625E-8, 0.3597760496138232
0.56, 16, 6, 5.9604644775390625E-8, 0.3597760496138232
0.54, 16, 6, 5.9604644775390625E-8, 0.3597760496138232
0.56, 16, 7, 3.725290298461914E-9, 0.3597760697178778
0.56, 16, 7, 3.725290298461914E-9, 0.3597760697178778
0.59, 16, 7, 3.725290298461914E-9, 0.3597760697178778
0.58, 16, 7, 3.725290298461914E-9, 0.3597760697178778
0.56, 16, 7, 3.725290298461914E-9, 0.3597760697178778
0.56, 16, 7, 3.725290298461914E-9, 0.3597760697178778
0.56, 16, 7, 3.725290298461914E-9, 0.3597760697178778
0.56, 16, 7, 3.725290298461914E-9, 0.3597760697178778
0.55, 16, 7, 3.725290298461914E-9, 0.3597760697178778
0.56, 16, 7, 3.725290298461914E-9, 0.3597760697178778
0.57, 16, 8, 2.3283064365386963E-10, 0.3597760709743812
0.56, 16, 8, 2.3283064365386963E-10, 0.3597760709743812
0.59, 16, 8, 2.3283064365386963E-10, 0.3597760709743812
0.56, 16, 8, 2.3283064365386963E-10, 0.3597760709743812
0.58, 16, 8, 2.3283064365386963E-10, 0.3597760709743812
0.57, 16, 8, 2.3283064365386963E-10, 0.3597760709743812
0.58, 16, 8, 2.3283064365386963E-10, 0.3597760709743812
0.57, 16, 8, 2.3283064365386963E-10, 0.3597760709743812
0.57, 16, 8, 2.3283064365386963E-10, 0.3597760709743812
0.58, 16, 8, 2.3283064365386963E-10, 0.3597760709743812
0.58, 16, 9, 1.4551915228366852E-11, 0.3597760710529127
0.59, 16, 9, 1.4551915228366852E-11, 0.3597760710529127
0.58, 16, 9, 1.4551915228366852E-11, 0.3597760710529127
0.59, 16, 9, 1.4551915228366852E-11, 0.3597760710529127
0.60, 16, 9, 1.4551915228366852E-11, 0.3597760710529127
0.59, 16, 9, 1.4551915228366852E-11, 0.3597760710529127
0.58, 16, 9, 1.4551915228366852E-11, 0.3597760710529127
0.58, 16, 9, 1.4551915228366852E-11, 0.3597760710529127
0.57, 16, 9, 1.4551915228366852E-11, 0.3597760710529127
0.59, 16, 9, 1.4551915228366852E-11, 0.3597760710529127
0.59, 16, 10, 9.094947017729282E-13, 0.35977607105782095
0.58, 16, 10, 9.094947017729282E-13, 0.35977607105782095
0.60, 16, 10, 9.094947017729282E-13, 0.35977607105782095
0.59, 16, 10, 9.094947017729282E-13, 0.35977607105782095
0.60, 16, 10, 9.094947017729282E-13, 0.35977607105782095
0.58, 16, 10, 9.094947017729282E-13, 0.35977607105782095
0.58, 16, 10, 9.094947017729282E-13, 0.35977607105782095
0.58, 16, 10, 9.094947017729282E-13, 0.35977607105782095
0.61, 16, 10, 9.094947017729282E-13, 0.35977607105782095
0.60, 16, 10, 9.094947017729282E-13, 0.35977607105782095
0.62, 16, 11, 5.6843418860808015E-14, 0.35977607105812764
0.61, 16, 11, 5.6843418860808015E-14, 0.35977607105812764
0.62, 16, 11, 5.6843418860808015E-14, 0.35977607105812764
0.61, 16, 11, 5.6843418860808015E-14, 0.35977607105812764
0.61, 16, 11, 5.6843418860808015E-14, 0.35977607105812764
0.60, 16, 11, 5.6843418860808015E-14, 0.35977607105812764
0.62, 16, 11, 5.6843418860808015E-14, 0.35977607105812764
0.61, 16, 11, 5.6843418860808015E-14, 0.35977607105812764
0.61, 16, 11, 5.6843418860808015E-14, 0.35977607105812764
0.62, 16, 11, 5.6843418860808015E-14, 0.35977607105812764
0.64, 16, 12, 3.552713678800501E-15, 0.35977607105814685
0.63, 16, 12, 3.552713678800501E-15, 0.35977607105814685
0.65, 16, 12, 3.552713678800501E-15, 0.35977607105814685
0.63, 16, 12, 3.552713678800501E-15, 0.35977607105814685
0.63, 16, 12, 3.552713678800501E-15, 0.35977607105814685
0.64, 16, 12, 3.552713678800501E-15, 0.35977607105814685
0.63, 16, 12, 3.552713678800501E-15, 0.35977607105814685
0.64, 16, 12, 3.552713678800501E-15, 0.35977607105814685
0.64, 16, 12, 3.552713678800501E-15, 0.35977607105814685
0.64, 16, 12, 3.552713678800501E-15, 0.35977607105814685
0.64, 16, 13, 2.220446049250313E-16, 0.359776071058148
0.65, 16, 13, 2.220446049250313E-16, 0.359776071058148
0.65, 16, 13, 2.220446049250313E-16, 0.359776071058148
0.65, 16, 13, 2.220446049250313E-16, 0.359776071058148
0.64, 16, 13, 2.220446049250313E-16, 0.359776071058148
0.65, 16, 13, 2.220446049250313E-16, 0.359776071058148
0.66, 16, 13, 2.220446049250313E-16, 0.359776071058148
0.64, 16, 13, 2.220446049250313E-16, 0.359776071058148
0.66, 16, 13, 2.220446049250313E-16, 0.359776071058148
0.67, 16, 13, 2.220446049250313E-16, 0.359776071058148
0.68, 16, 14, 1.3877787807814457E-17, 0.35977607105814813
0.66, 16, 14, 1.3877787807814457E-17, 0.35977607105814813
0.68, 16, 14, 1.3877787807814457E-17, 0.35977607105814813
0.69, 16, 14, 1.3877787807814457E-17, 0.35977607105814813
0.68, 16, 14, 1.3877787807814457E-17, 0.35977607105814813
0.69, 16, 14, 1.3877787807814457E-17, 0.35977607105814813
0.67, 16, 14, 1.3877787807814457E-17, 0.35977607105814813
0.67, 16, 14, 1.3877787807814457E-17, 0.35977607105814813
0.68, 16, 14, 1.3877787807814457E-17, 0.35977607105814813
0.68, 16, 14, 1.3877787807814457E-17, 0.35977607105814813
0.68, 16, 15, 8.673617379884035E-19, 0.3597760710581481
0.69, 16, 15, 8.673617379884035E-19, 0.3597760710581481
0.70, 16, 15, 8.673617379884035E-19, 0.3597760710581481
0.69, 16, 15, 8.673617379884035E-19, 0.3597760710581481
0.68, 16, 15, 8.673617379884035E-19, 0.3597760710581481
0.70, 16, 15, 8.673617379884035E-19, 0.3597760710581481
0.68, 16, 15, 8.673617379884035E-19, 0.3597760710581481
0.68, 16, 15, 8.673617379884035E-19, 0.3597760710581481
0.69, 16, 15, 8.673617379884035E-19, 0.3597760710581481
0.71, 16, 15, 8.673617379884035E-19, 0.3597760710581481
0.69, 16, 16, 5.421010862427522E-20, 0.35977607105814813
0.73, 16, 16, 5.421010862427522E-20, 0.35977607105814813
0.73, 16, 16, 5.421010862427522E-20, 0.35977607105814813
0.73, 16, 16, 5.421010862427522E-20, 0.35977607105814813
0.70, 16, 16, 5.421010862427522E-20, 0.35977607105814813
0.71, 16, 16, 5.421010862427522E-20, 0.35977607105814813
0.70, 16, 16, 5.421010862427522E-20, 0.35977607105814813
0.81, 16, 16, 5.421010862427522E-20, 0.35977607105814813
0.71, 16, 16, 5.421010862427522E-20, 0.35977607105814813
0.73, 16, 16, 5.421010862427522E-20, 0.35977607105814813
0.75, 16, 17, 3.3881317890172014E-21, 0.35977607105814813
0.76, 16, 17, 3.3881317890172014E-21, 0.35977607105814813
0.76, 16, 17, 3.3881317890172014E-21, 0.35977607105814813
0.76, 16, 17, 3.3881317890172014E-21, 0.35977607105814813
0.76, 16, 17, 3.3881317890172014E-21, 0.35977607105814813
0.76, 16, 17, 3.3881317890172014E-21, 0.35977607105814813
0.75, 16, 17, 3.3881317890172014E-21, 0.35977607105814813
0.74, 16, 17, 3.3881317890172014E-21, 0.35977607105814813
0.76, 16, 17, 3.3881317890172014E-21, 0.35977607105814813
0.74, 16, 17, 3.3881317890172014E-21, 0.35977607105814813
0.76, 16, 18, 2.1175823681357508E-22, 0.3597760710581481
0.79, 16, 18, 2.1175823681357508E-22, 0.3597760710581481
0.79, 16, 18, 2.1175823681357508E-22, 0.3597760710581481
0.77, 16, 18, 2.1175823681357508E-22, 0.3597760710581481
0.78, 16, 18, 2.1175823681357508E-22, 0.3597760710581481
0.77, 16, 18, 2.1175823681357508E-22, 0.3597760710581481
0.77, 16, 18, 2.1175823681357508E-22, 0.3597760710581481
0.76, 16, 18, 2.1175823681357508E-22, 0.3597760710581481
0.78, 16, 18, 2.1175823681357508E-22, 0.3597760710581481
0.77, 16, 18, 2.1175823681357508E-22, 0.3597760710581481
0.80, 16, 19, 1.3234889800848443E-23, 0.35977607105814813
0.83, 16, 19, 1.3234889800848443E-23, 0.35977607105814813
0.80, 16, 19, 1.3234889800848443E-23, 0.35977607105814813
0.80, 16, 19, 1.3234889800848443E-23, 0.35977607105814813
0.84, 16, 19, 1.3234889800848443E-23, 0.35977607105814813
0.80, 16, 19, 1.3234889800848443E-23, 0.35977607105814813
0.81, 16, 19, 1.3234889800848443E-23, 0.35977607105814813
0.82, 16, 19, 1.3234889800848443E-23, 0.35977607105814813
0.79, 16, 19, 1.3234889800848443E-23, 0.35977607105814813
0.82, 16, 19, 1.3234889800848443E-23, 0.35977607105814813
0.81, 16, 20, 8.271806125530277E-25, 0.3597760710581481
0.82, 16, 20, 8.271806125530277E-25, 0.3597760710581481
0.86, 16, 20, 8.271806125530277E-25, 0.3597760710581481
0.83, 16, 20, 8.271806125530277E-25, 0.3597760710581481
0.86, 16, 20, 8.271806125530277E-25, 0.3597760710581481
0.88, 16, 20, 8.271806125530277E-25, 0.3597760710581481
0.85, 16, 20, 8.271806125530277E-25, 0.3597760710581481
0.83, 16, 20, 8.271806125530277E-25, 0.3597760710581481
0.81, 16, 20, 8.271806125530277E-25, 0.3597760710581481
0.82, 16, 20, 8.271806125530277E-25, 0.3597760710581481
0.48, 32, 1, 0.03125, 0.20062232431271465
0.48, 32, 1, 0.03125, 0.20062232431271465
0.49, 32, 1, 0.03125, 0.20062232431271465
0.48, 32, 1, 0.03125, 0.20062232431271465
0.48, 32, 1, 0.03125, 0.20062232431271465
0.49, 32, 1, 0.03125, 0.20062232431271465
0.50, 32, 1, 0.03125, 0.20062232431271465
0.49, 32, 1, 0.03125, 0.20062232431271465
0.48, 32, 1, 0.03125, 0.20062232431271465
0.49, 32, 1, 0.03125, 0.20062232431271465
0.49, 32, 2, 9.765625E-4, 0.20689177194748698
0.50, 32, 2, 9.765625E-4, 0.20689177194748698
0.49, 32, 2, 9.765625E-4, 0.20689177194748698
0.51, 32, 2, 9.765625E-4, 0.20689177194748698
0.51, 32, 2, 9.765625E-4, 0.20689177194748698
0.50, 32, 2, 9.765625E-4, 0.20689177194748698
0.51, 32, 2, 9.765625E-4, 0.20689177194748698
0.49, 32, 2, 9.765625E-4, 0.20689177194748698
0.50, 32, 2, 9.765625E-4, 0.20689177194748698
0.51, 32, 2, 9.765625E-4, 0.20689177194748698
0.52, 32, 3, 3.0517578125E-5, 0.2070876921860736
0.50, 32, 3, 3.0517578125E-5, 0.2070876921860736
0.51, 32, 3, 3.0517578125E-5, 0.2070876921860736
0.50, 32, 3, 3.0517578125E-5, 0.2070876921860736
0.49, 32, 3, 3.0517578125E-5, 0.2070876921860736
0.49, 32, 3, 3.0517578125E-5, 0.2070876921860736
0.50, 32, 3, 3.0517578125E-5, 0.2070876921860736
0.50, 32, 3, 3.0517578125E-5, 0.2070876921860736
0.50, 32, 3, 3.0517578125E-5, 0.2070876921860736
0.49, 32, 3, 3.0517578125E-5, 0.2070876921860736
0.56, 32, 4, 9.5367431640625E-7, 0.20709381469352944
0.52, 32, 4, 9.5367431640625E-7, 0.20709381469352944
0.55, 32, 4, 9.5367431640625E-7, 0.20709381469352944
0.52, 32, 4, 9.5367431640625E-7, 0.20709381469352944
0.55, 32, 4, 9.5367431640625E-7, 0.20709381469352944
0.52, 32, 4, 9.5367431640625E-7, 0.20709381469352944
0.52, 32, 4, 9.5367431640625E-7, 0.20709381469352944
0.55, 32, 4, 9.5367431640625E-7, 0.20709381469352944
0.57, 32, 4, 9.5367431640625E-7, 0.20709381469352944
0.51, 32, 4, 9.5367431640625E-7, 0.20709381469352944
0.55, 32, 5, 2.9802322387695312E-8, 0.2070940060218874
0.53, 32, 5, 2.9802322387695312E-8, 0.2070940060218874
0.52, 32, 5, 2.9802322387695312E-8, 0.2070940060218874
0.53, 32, 5, 2.9802322387695312E-8, 0.2070940060218874
0.51, 32, 5, 2.9802322387695312E-8, 0.2070940060218874
0.55, 32, 5, 2.9802322387695312E-8, 0.2070940060218874
0.55, 32, 5, 2.9802322387695312E-8, 0.2070940060218874
0.53, 32, 5, 2.9802322387695312E-8, 0.2070940060218874
0.51, 32, 5, 2.9802322387695312E-8, 0.2070940060218874
0.53, 32, 5, 2.9802322387695312E-8, 0.2070940060218874
0.59, 32, 6, 9.313225746154785E-10, 0.2070940120008986
0.54, 32, 6, 9.313225746154785E-10, 0.2070940120008986
0.55, 32, 6, 9.313225746154785E-10, 0.2070940120008986
0.55, 32, 6, 9.313225746154785E-10, 0.2070940120008986
0.54, 32, 6, 9.313225746154785E-10, 0.2070940120008986
0.54, 32, 6, 9.313225746154785E-10, 0.2070940120008986
0.56, 32, 6, 9.313225746154785E-10, 0.2070940120008986
0.55, 32, 6, 9.313225746154785E-10, 0.2070940120008986
0.55, 32, 6, 9.313225746154785E-10, 0.2070940120008986
0.55, 32, 6, 9.313225746154785E-10, 0.2070940120008986
0.54, 32, 7, 2.9103830456733704E-11, 0.2070940121877427
0.55, 32, 7, 2.9103830456733704E-11, 0.2070940121877427
0.55, 32, 7, 2.9103830456733704E-11, 0.2070940121877427
0.57, 32, 7, 2.9103830456733704E-11, 0.2070940121877427
0.55, 32, 7, 2.9103830456733704E-11, 0.2070940121877427
0.56, 32, 7, 2.9103830456733704E-11, 0.2070940121877427
0.57, 32, 7, 2.9103830456733704E-11, 0.2070940121877427
0.56, 32, 7, 2.9103830456733704E-11, 0.2070940121877427
0.56, 32, 7, 2.9103830456733704E-11, 0.2070940121877427
0.54, 32, 7, 2.9103830456733704E-11, 0.2070940121877427
0.58, 32, 8, 9.094947017729282E-13, 0.2070940121935816
0.58, 32, 8, 9.094947017729282E-13, 0.2070940121935816
0.58, 32, 8, 9.094947017729282E-13, 0.2070940121935816
0.57, 32, 8, 9.094947017729282E-13, 0.2070940121935816
0.56, 32, 8, 9.094947017729282E-13, 0.2070940121935816
0.57, 32, 8, 9.094947017729282E-13, 0.2070940121935816
0.57, 32, 8, 9.094947017729282E-13, 0.2070940121935816
0.57, 32, 8, 9.094947017729282E-13, 0.2070940121935816
0.58, 32, 8, 9.094947017729282E-13, 0.2070940121935816
0.57, 32, 8, 9.094947017729282E-13, 0.2070940121935816
0.59, 32, 9, 2.8421709430404007E-14, 0.20709401219376405
0.57, 32, 9, 2.8421709430404007E-14, 0.20709401219376405
0.59, 32, 9, 2.8421709430404007E-14, 0.20709401219376405
0.59, 32, 9, 2.8421709430404007E-14, 0.20709401219376405
0.59, 32, 9, 2.8421709430404007E-14, 0.20709401219376405
0.58, 32, 9, 2.8421709430404007E-14, 0.20709401219376405
0.59, 32, 9, 2.8421709430404007E-14, 0.20709401219376405
0.58, 32, 9, 2.8421709430404007E-14, 0.20709401219376405
0.59, 32, 9, 2.8421709430404007E-14, 0.20709401219376405
0.59, 32, 9, 2.8421709430404007E-14, 0.20709401219376405
0.59, 32, 10, 8.881784197001252E-16, 0.20709401219376974
0.60, 32, 10, 8.881784197001252E-16, 0.20709401219376974
0.60, 32, 10, 8.881784197001252E-16, 0.20709401219376974
0.59, 32, 10, 8.881784197001252E-16, 0.20709401219376974
0.60, 32, 10, 8.881784197001252E-16, 0.20709401219376974
0.59, 32, 10, 8.881784197001252E-16, 0.20709401219376974
0.60, 32, 10, 8.881784197001252E-16, 0.20709401219376974
0.60, 32, 10, 8.881784197001252E-16, 0.20709401219376974
0.60, 32, 10, 8.881784197001252E-16, 0.20709401219376974
0.60, 32, 10, 8.881784197001252E-16, 0.20709401219376974
0.62, 32, 11, 2.7755575615628914E-17, 0.20709401219376994
0.61, 32, 11, 2.7755575615628914E-17, 0.20709401219376994
0.61, 32, 11, 2.7755575615628914E-17, 0.20709401219376994
0.63, 32, 11, 2.7755575615628914E-17, 0.20709401219376994
0.61, 32, 11, 2.7755575615628914E-17, 0.20709401219376994
0.60, 32, 11, 2.7755575615628914E-17, 0.20709401219376994
0.62, 32, 11, 2.7755575615628914E-17, 0.20709401219376994
0.61, 32, 11, 2.7755575615628914E-17, 0.20709401219376994
0.61, 32, 11, 2.7755575615628914E-17, 0.20709401219376994
0.61, 32, 11, 2.7755575615628914E-17, 0.20709401219376994
0.63, 32, 12, 8.673617379884035E-19, 0.20709401219376994
0.63, 32, 12, 8.673617379884035E-19, 0.20709401219376994
0.64, 32, 12, 8.673617379884035E-19, 0.20709401219376994
0.69, 32, 12, 8.673617379884035E-19, 0.20709401219376994
0.64, 32, 12, 8.673617379884035E-19, 0.20709401219376994
0.65, 32, 12, 8.673617379884035E-19, 0.20709401219376994
0.66, 32, 12, 8.673617379884035E-19, 0.20709401219376994
0.64, 32, 12, 8.673617379884035E-19, 0.20709401219376994
0.64, 32, 12, 8.673617379884035E-19, 0.20709401219376994
0.64, 32, 12, 8.673617379884035E-19, 0.20709401219376994
0.66, 32, 13, 2.710505431213761E-20, 0.20709401219376994
0.65, 32, 13, 2.710505431213761E-20, 0.20709401219376994
0.66, 32, 13, 2.710505431213761E-20, 0.20709401219376994
0.67, 32, 13, 2.710505431213761E-20, 0.20709401219376994
0.65, 32, 13, 2.710505431213761E-20, 0.20709401219376994
0.65, 32, 13, 2.710505431213761E-20, 0.20709401219376994
0.64, 32, 13, 2.710505431213761E-20, 0.20709401219376994
0.66, 32, 13, 2.710505431213761E-20, 0.20709401219376994
0.66, 32, 13, 2.710505431213761E-20, 0.20709401219376994
0.64, 32, 13, 2.710505431213761E-20, 0.20709401219376994
0.66, 32, 14, 8.470329472543003E-22, 0.20709401219376994
0.69, 32, 14, 8.470329472543003E-22, 0.20709401219376994
0.66, 32, 14, 8.470329472543003E-22, 0.20709401219376994
0.68, 32, 14, 8.470329472543003E-22, 0.20709401219376994
0.68, 32, 14, 8.470329472543003E-22, 0.20709401219376994
0.67, 32, 14, 8.470329472543003E-22, 0.20709401219376994
0.67, 32, 14, 8.470329472543003E-22, 0.20709401219376994
0.66, 32, 14, 8.470329472543003E-22, 0.20709401219376994
0.67, 32, 14, 8.470329472543003E-22, 0.20709401219376994
0.68, 32, 14, 8.470329472543003E-22, 0.20709401219376994
0.69, 32, 15, 2.6469779601696886E-23, 0.2070940121937699
0.69, 32, 15, 2.6469779601696886E-23, 0.2070940121937699
0.69, 32, 15, 2.6469779601696886E-23, 0.2070940121937699
0.69, 32, 15, 2.6469779601696886E-23, 0.2070940121937699
0.69, 32, 15, 2.6469779601696886E-23, 0.2070940121937699
0.69, 32, 15, 2.6469779601696886E-23, 0.2070940121937699
0.68, 32, 15, 2.6469779601696886E-23, 0.2070940121937699
0.78, 32, 15, 2.6469779601696886E-23, 0.2070940121937699
0.69, 32, 15, 2.6469779601696886E-23, 0.2070940121937699
0.71, 32, 15, 2.6469779601696886E-23, 0.2070940121937699
0.74, 32, 16, 8.271806125530277E-25, 0.20709401219376988
0.71, 32, 16, 8.271806125530277E-25, 0.20709401219376988
0.72, 32, 16, 8.271806125530277E-25, 0.20709401219376988
0.72, 32, 16, 8.271806125530277E-25, 0.20709401219376988
0.72, 32, 16, 8.271806125530277E-25, 0.20709401219376988
0.71, 32, 16, 8.271806125530277E-25, 0.20709401219376988
0.71, 32, 16, 8.271806125530277E-25, 0.20709401219376988
0.70, 32, 16, 8.271806125530277E-25, 0.20709401219376988
0.72, 32, 16, 8.271806125530277E-25, 0.20709401219376988
0.72, 32, 16, 8.271806125530277E-25, 0.20709401219376988
0.77, 32, 17, 2.5849394142282115E-26, 0.20709401219376994
0.74, 32, 17, 2.5849394142282115E-26, 0.20709401219376994
0.74, 32, 17, 2.5849394142282115E-26, 0.20709401219376994
0.76, 32, 17, 2.5849394142282115E-26, 0.20709401219376994
0.74, 32, 17, 2.5849394142282115E-26, 0.20709401219376994
0.75, 32, 17, 2.5849394142282115E-26, 0.20709401219376994
0.77, 32, 17, 2.5849394142282115E-26, 0.20709401219376994
0.78, 32, 17, 2.5849394142282115E-26, 0.20709401219376994
0.75, 32, 17, 2.5849394142282115E-26, 0.20709401219376994
0.77, 32, 17, 2.5849394142282115E-26, 0.20709401219376994
0.78, 32, 18, 8.077935669463161E-28, 0.20709401219376988
0.77, 32, 18, 8.077935669463161E-28, 0.20709401219376988
0.78, 32, 18, 8.077935669463161E-28, 0.20709401219376988
0.80, 32, 18, 8.077935669463161E-28, 0.20709401219376988
0.79, 32, 18, 8.077935669463161E-28, 0.20709401219376988
0.78, 32, 18, 8.077935669463161E-28, 0.20709401219376988
0.79, 32, 18, 8.077935669463161E-28, 0.20709401219376988
0.78, 32, 18, 8.077935669463161E-28, 0.20709401219376988
0.82, 32, 18, 8.077935669463161E-28, 0.20709401219376988
0.76, 32, 18, 8.077935669463161E-28, 0.20709401219376988
0.82, 32, 19, 2.5243548967072378E-29, 0.20709401219376994
0.82, 32, 19, 2.5243548967072378E-29, 0.20709401219376994
0.81, 32, 19, 2.5243548967072378E-29, 0.20709401219376994
0.81, 32, 19, 2.5243548967072378E-29, 0.20709401219376994
0.80, 32, 19, 2.5243548967072378E-29, 0.20709401219376994
0.80, 32, 19, 2.5243548967072378E-29, 0.20709401219376994
0.80, 32, 19, 2.5243548967072378E-29, 0.20709401219376994
0.81, 32, 19, 2.5243548967072378E-29, 0.20709401219376994
0.81, 32, 19, 2.5243548967072378E-29, 0.20709401219376994
0.79, 32, 19, 2.5243548967072378E-29, 0.20709401219376994
0.82, 32, 20, 7.888609052210118E-31, 0.20709401219376994
0.82, 32, 20, 7.888609052210118E-31, 0.20709401219376994
0.81, 32, 20, 7.888609052210118E-31, 0.20709401219376994
0.83, 32, 20, 7.888609052210118E-31, 0.20709401219376994
0.82, 32, 20, 7.888609052210118E-31, 0.20709401219376994
0.82, 32, 20, 7.888609052210118E-31, 0.20709401219376994
0.83, 32, 20, 7.888609052210118E-31, 0.20709401219376994
0.84, 32, 20, 7.888609052210118E-31, 0.20709401219376994
0.82, 32, 20, 7.888609052210118E-31, 0.20709401219376994
0.83, 32, 20, 7.888609052210118E-31, 0.20709401219376994
0.48, 64, 1, 0.015625, 0.11611507530476972
0.48, 64, 1, 0.015625, 0.11611507530476972
0.49, 64, 1, 0.015625, 0.11611507530476972
0.48, 64, 1, 0.015625, 0.11611507530476972
0.51, 64, 1, 0.015625, 0.11611507530476972
0.48, 64, 1, 0.015625, 0.11611507530476972
0.51, 64, 1, 0.015625, 0.11611507530476972
0.48, 64, 1, 0.015625, 0.11611507530476972
0.49, 64, 1, 0.015625, 0.11611507530476972
0.48, 64, 1, 0.015625, 0.11611507530476972
0.52, 64, 2, 2.44140625E-4, 0.11792937335640676
0.49, 64, 2, 2.44140625E-4, 0.11792937335640676
0.52, 64, 2, 2.44140625E-4, 0.11792937335640676
0.49, 64, 2, 2.44140625E-4, 0.11792937335640676
0.50, 64, 2, 2.44140625E-4, 0.11792937335640676
0.50, 64, 2, 2.44140625E-4, 0.11792937335640676
0.49, 64, 2, 2.44140625E-4, 0.11792937335640676
0.51, 64, 2, 2.44140625E-4, 0.11792937335640676
0.50, 64, 2, 2.44140625E-4, 0.11792937335640676
0.48, 64, 2, 2.44140625E-4, 0.11792937335640676
0.50, 64, 3, 3.814697265625E-6, 0.11795772176346359
0.49, 64, 3, 3.814697265625E-6, 0.11795772176346359
0.50, 64, 3, 3.814697265625E-6, 0.11795772176346359
0.54, 64, 3, 3.814697265625E-6, 0.11795772176346359
0.50, 64, 3, 3.814697265625E-6, 0.11795772176346359
0.50, 64, 3, 3.814697265625E-6, 0.11795772176346359
0.52, 64, 3, 3.814697265625E-6, 0.11795772176346359
0.56, 64, 3, 3.814697265625E-6, 0.11795772176346359
0.49, 64, 3, 3.814697265625E-6, 0.11795772176346359
0.50, 64, 3, 3.814697265625E-6, 0.11795772176346359
0.53, 64, 4, 5.9604644775390625E-8, 0.11795816470732384
0.56, 64, 4, 5.9604644775390625E-8, 0.11795816470732384
0.56, 64, 4, 5.9604644775390625E-8, 0.11795816470732384
0.53, 64, 4, 5.9604644775390625E-8, 0.11795816470732384
0.51, 64, 4, 5.9604644775390625E-8, 0.11795816470732384
0.55, 64, 4, 5.9604644775390625E-8, 0.11795816470732384
0.54, 64, 4, 5.9604644775390625E-8, 0.11795816470732384
0.62, 64, 4, 5.9604644775390625E-8, 0.11795816470732384
0.53, 64, 4, 5.9604644775390625E-8, 0.11795816470732384
0.53, 64, 4, 5.9604644775390625E-8, 0.11795816470732384
0.54, 64, 5, 9.313225746154785E-10, 0.11795817162832166
0.53, 64, 5, 9.313225746154785E-10, 0.11795817162832166
0.56, 64, 5, 9.313225746154785E-10, 0.11795817162832166
0.53, 64, 5, 9.313225746154785E-10, 0.11795817162832166
0.54, 64, 5, 9.313225746154785E-10, 0.11795817162832166
0.53, 64, 5, 9.313225746154785E-10, 0.11795817162832166
0.56, 64, 5, 9.313225746154785E-10, 0.11795817162832166
0.53, 64, 5, 9.313225746154785E-10, 0.11795817162832166
0.53, 64, 5, 9.313225746154785E-10, 0.11795817162832166
0.52, 64, 5, 9.313225746154785E-10, 0.11795817162832166
0.55, 64, 6, 1.4551915228366852E-11, 0.11795817173646225
0.54, 64, 6, 1.4551915228366852E-11, 0.11795817173646225
0.54, 64, 6, 1.4551915228366852E-11, 0.11795817173646225
0.55, 64, 6, 1.4551915228366852E-11, 0.11795817173646225
0.55, 64, 6, 1.4551915228366852E-11, 0.11795817173646225
0.57, 64, 6, 1.4551915228366852E-11, 0.11795817173646225
0.54, 64, 6, 1.4551915228366852E-11, 0.11795817173646225
0.54, 64, 6, 1.4551915228366852E-11, 0.11795817173646225
0.54, 64, 6, 1.4551915228366852E-11, 0.11795817173646225
0.55, 64, 6, 1.4551915228366852E-11, 0.11795817173646225
0.57, 64, 7, 2.2737367544323206E-13, 0.11795817173815196
0.56, 64, 7, 2.2737367544323206E-13, 0.11795817173815196
0.55, 64, 7, 2.2737367544323206E-13, 0.11795817173815196
0.56, 64, 7, 2.2737367544323206E-13, 0.11795817173815196
0.58, 64, 7, 2.2737367544323206E-13, 0.11795817173815196
0.56, 64, 7, 2.2737367544323206E-13, 0.11795817173815196
0.55, 64, 7, 2.2737367544323206E-13, 0.11795817173815196
0.56, 64, 7, 2.2737367544323206E-13, 0.11795817173815196
0.56, 64, 7, 2.2737367544323206E-13, 0.11795817173815196
0.55, 64, 7, 2.2737367544323206E-13, 0.11795817173815196
0.57, 64, 8, 3.552713678800501E-15, 0.11795817173817835
0.60, 64, 8, 3.552713678800501E-15, 0.11795817173817835
0.57, 64, 8, 3.552713678800501E-15, 0.11795817173817835
0.58, 64, 8, 3.552713678800501E-15, 0.11795817173817835
0.62, 64, 8, 3.552713678800501E-15, 0.11795817173817835
0.58, 64, 8, 3.552713678800501E-15, 0.11795817173817835
0.60, 64, 8, 3.552713678800501E-15, 0.11795817173817835
0.57, 64, 8, 3.552713678800501E-15, 0.11795817173817835
0.57, 64, 8, 3.552713678800501E-15, 0.11795817173817835
0.56, 64, 8, 3.552713678800501E-15, 0.11795817173817835
0.59, 64, 9, 5.551115123125783E-17, 0.11795817173817877
0.60, 64, 9, 5.551115123125783E-17, 0.11795817173817877
0.60, 64, 9, 5.551115123125783E-17, 0.11795817173817877
0.58, 64, 9, 5.551115123125783E-17, 0.11795817173817877
0.57, 64, 9, 5.551115123125783E-17, 0.11795817173817877
0.59, 64, 9, 5.551115123125783E-17, 0.11795817173817877
0.60, 64, 9, 5.551115123125783E-17, 0.11795817173817877
0.59, 64, 9, 5.551115123125783E-17, 0.11795817173817877
0.61, 64, 9, 5.551115123125783E-17, 0.11795817173817877
0.60, 64, 9, 5.551115123125783E-17, 0.11795817173817877
0.61, 64, 10, 8.673617379884035E-19, 0.11795817173817878
0.59, 64, 10, 8.673617379884035E-19, 0.11795817173817878
0.59, 64, 10, 8.673617379884035E-19, 0.11795817173817878
0.58, 64, 10, 8.673617379884035E-19, 0.11795817173817878
0.60, 64, 10, 8.673617379884035E-19, 0.11795817173817878
0.61, 64, 10, 8.673617379884035E-19, 0.11795817173817878
0.58, 64, 10, 8.673617379884035E-19, 0.11795817173817878
0.60, 64, 10, 8.673617379884035E-19, 0.11795817173817878
0.61, 64, 10, 8.673617379884035E-19, 0.11795817173817878
0.61, 64, 10, 8.673617379884035E-19, 0.11795817173817878
0.61, 64, 11, 1.3552527156068805E-20, 0.11795817173817877
0.65, 64, 11, 1.3552527156068805E-20, 0.11795817173817877
0.62, 64, 11, 1.3552527156068805E-20, 0.11795817173817877
0.61, 64, 11, 1.3552527156068805E-20, 0.11795817173817877
0.62, 64, 11, 1.3552527156068805E-20, 0.11795817173817877
0.61, 64, 11, 1.3552527156068805E-20, 0.11795817173817877
0.62, 64, 11, 1.3552527156068805E-20, 0.11795817173817877
0.60, 64, 11, 1.3552527156068805E-20, 0.11795817173817877
0.63, 64, 11, 1.3552527156068805E-20, 0.11795817173817877
0.62, 64, 11, 1.3552527156068805E-20, 0.11795817173817877
0.63, 64, 12, 2.1175823681357508E-22, 0.11795817173817878
0.64, 64, 12, 2.1175823681357508E-22, 0.11795817173817878
0.63, 64, 12, 2.1175823681357508E-22, 0.11795817173817878
0.63, 64, 12, 2.1175823681357508E-22, 0.11795817173817878
0.66, 64, 12, 2.1175823681357508E-22, 0.11795817173817878
0.65, 64, 12, 2.1175823681357508E-22, 0.11795817173817878
0.63, 64, 12, 2.1175823681357508E-22, 0.11795817173817878
0.65, 64, 12, 2.1175823681357508E-22, 0.11795817173817878
0.64, 64, 12, 2.1175823681357508E-22, 0.11795817173817878
0.63, 64, 12, 2.1175823681357508E-22, 0.11795817173817878
0.66, 64, 13, 3.3087224502121107E-24, 0.11795817173817877
0.66, 64, 13, 3.3087224502121107E-24, 0.11795817173817877
0.65, 64, 13, 3.3087224502121107E-24, 0.11795817173817877
0.65, 64, 13, 3.3087224502121107E-24, 0.11795817173817877
0.67, 64, 13, 3.3087224502121107E-24, 0.11795817173817877
0.66, 64, 13, 3.3087224502121107E-24, 0.11795817173817877
0.67, 64, 13, 3.3087224502121107E-24, 0.11795817173817877
0.66, 64, 13, 3.3087224502121107E-24, 0.11795817173817877
0.65, 64, 13, 3.3087224502121107E-24, 0.11795817173817877
0.67, 64, 13, 3.3087224502121107E-24, 0.11795817173817877
0.69, 64, 14, 5.169878828456423E-26, 0.11795817173817878
0.67, 64, 14, 5.169878828456423E-26, 0.11795817173817878
0.69, 64, 14, 5.169878828456423E-26, 0.11795817173817878
0.68, 64, 14, 5.169878828456423E-26, 0.11795817173817878
0.68, 64, 14, 5.169878828456423E-26, 0.11795817173817878
0.66, 64, 14, 5.169878828456423E-26, 0.11795817173817878
0.69, 64, 14, 5.169878828456423E-26, 0.11795817173817878
0.70, 64, 14, 5.169878828456423E-26, 0.11795817173817878
0.68, 64, 14, 5.169878828456423E-26, 0.11795817173817878
0.67, 64, 14, 5.169878828456423E-26, 0.11795817173817878
0.68, 64, 15, 8.077935669463161E-28, 0.11795817173817877
0.69, 64, 15, 8.077935669463161E-28, 0.11795817173817877
0.69, 64, 15, 8.077935669463161E-28, 0.11795817173817877
0.70, 64, 15, 8.077935669463161E-28, 0.11795817173817877
0.69, 64, 15, 8.077935669463161E-28, 0.11795817173817877
0.70, 64, 15, 8.077935669463161E-28, 0.11795817173817877
0.72, 64, 15, 8.077935669463161E-28, 0.11795817173817877
0.69, 64, 15, 8.077935669463161E-28, 0.11795817173817877
0.69, 64, 15, 8.077935669463161E-28, 0.11795817173817877
0.68, 64, 15, 8.077935669463161E-28, 0.11795817173817877
0.71, 64, 16, 1.2621774483536189E-29, 0.11795817173817877
0.73, 64, 16, 1.2621774483536189E-29, 0.11795817173817877
0.74, 64, 16, 1.2621774483536189E-29, 0.11795817173817877
0.70, 64, 16, 1.2621774483536189E-29, 0.11795817173817877
0.72, 64, 16, 1.2621774483536189E-29, 0.11795817173817877
0.71, 64, 16, 1.2621774483536189E-29, 0.11795817173817877
0.71, 64, 16, 1.2621774483536189E-29, 0.11795817173817877
0.72, 64, 16, 1.2621774483536189E-29, 0.11795817173817877
0.72, 64, 16, 1.2621774483536189E-29, 0.11795817173817877
0.70, 64, 16, 1.2621774483536189E-29, 0.11795817173817877
0.77, 64, 17, 1.9721522630525295E-31, 0.11795817173817877
0.75, 64, 17, 1.9721522630525295E-31, 0.11795817173817877
0.72, 64, 17, 1.9721522630525295E-31, 0.11795817173817877
0.78, 64, 17, 1.9721522630525295E-31, 0.11795817173817877
0.75, 64, 17, 1.9721522630525295E-31, 0.11795817173817877
0.78, 64, 17, 1.9721522630525295E-31, 0.11795817173817877
0.73, 64, 17, 1.9721522630525295E-31, 0.11795817173817877
0.74, 64, 17, 1.9721522630525295E-31, 0.11795817173817877
0.75, 64, 17, 1.9721522630525295E-31, 0.11795817173817877
0.76, 64, 17, 1.9721522630525295E-31, 0.11795817173817877
0.79, 64, 18, 3.0814879110195774E-33, 0.11795817173817877
0.78, 64, 18, 3.0814879110195774E-33, 0.11795817173817877
0.79, 64, 18, 3.0814879110195774E-33, 0.11795817173817877
0.77, 64, 18, 3.0814879110195774E-33, 0.11795817173817877
0.78, 64, 18, 3.0814879110195774E-33, 0.11795817173817877
0.78, 64, 18, 3.0814879110195774E-33, 0.11795817173817877
0.78, 64, 18, 3.0814879110195774E-33, 0.11795817173817877
0.81, 64, 18, 3.0814879110195774E-33, 0.11795817173817877
0.77, 64, 18, 3.0814879110195774E-33, 0.11795817173817877
0.78, 64, 18, 3.0814879110195774E-33, 0.11795817173817877
0.80, 64, 19, 4.8148248609680896E-35, 0.11795817173817878
0.79, 64, 19, 4.8148248609680896E-35, 0.11795817173817878
0.82, 64, 19, 4.8148248609680896E-35, 0.11795817173817878
0.79, 64, 19, 4.8148248609680896E-35, 0.11795817173817878
0.80, 64, 19, 4.8148248609680896E-35, 0.11795817173817878
0.79, 64, 19, 4.8148248609680896E-35, 0.11795817173817878
0.81, 64, 19, 4.8148248609680896E-35, 0.11795817173817878
0.81, 64, 19, 4.8148248609680896E-35, 0.11795817173817878
0.80, 64, 19, 4.8148248609680896E-35, 0.11795817173817878
0.84, 64, 19, 4.8148248609680896E-35, 0.11795817173817878
0.83, 64, 20, 7.52316384526264E-37, 0.11795817173817875
0.85, 64, 20, 7.52316384526264E-37, 0.11795817173817875
0.83, 64, 20, 7.52316384526264E-37, 0.11795817173817875
0.82, 64, 20, 7.52316384526264E-37, 0.11795817173817875
0.82, 64, 20, 7.52316384526264E-37, 0.11795817173817875
0.84, 64, 20, 7.52316384526264E-37, 0.11795817173817875
0.84, 64, 20, 7.52316384526264E-37, 0.11795817173817875
0.83, 64, 20, 7.52316384526264E-37, 0.11795817173817875
0.83, 64, 20, 7.52316384526264E-37, 0.11795817173817875
0.84, 64, 20, 7.52316384526264E-37, 0.11795817173817875
0.48, 128, 1, 0.0078125, 0.06591441234324169
0.49, 128, 1, 0.0078125, 0.06591441234324169
0.48, 128, 1, 0.0078125, 0.06591441234324169
0.48, 128, 1, 0.0078125, 0.06591441234324169
0.48, 128, 1, 0.0078125, 0.06591441234324169
0.48, 128, 1, 0.0078125, 0.06591441234324169
0.48, 128, 1, 0.0078125, 0.06591441234324169
0.50, 128, 1, 0.0078125, 0.06591441234324169
0.48, 128, 1, 0.0078125, 0.06591441234324169
0.51, 128, 1, 0.0078125, 0.06591441234324169
0.49, 128, 2, 6.103515625E-5, 0.06642936868967328
0.50, 128, 2, 6.103515625E-5, 0.06642936868967328
0.49, 128, 2, 6.103515625E-5, 0.06642936868967328
0.50, 128, 2, 6.103515625E-5, 0.06642936868967328
0.49, 128, 2, 6.103515625E-5, 0.06642936868967328
0.49, 128, 2, 6.103515625E-5, 0.06642936868967328
0.50, 128, 2, 6.103515625E-5, 0.06642936868967328
0.51, 128, 2, 6.103515625E-5, 0.06642936868967328
0.50, 128, 2, 6.103515625E-5, 0.06642936868967328
0.49, 128, 2, 6.103515625E-5, 0.06642936868967328
0.49, 128, 3, 4.76837158203125E-7, 0.06643339178612977
0.56, 128, 3, 4.76837158203125E-7, 0.06643339178612977
0.50, 128, 3, 4.76837158203125E-7, 0.06643339178612977
0.59, 128, 3, 4.76837158203125E-7, 0.06643339178612977
0.50, 128, 3, 4.76837158203125E-7, 0.06643339178612977
0.50, 128, 3, 4.76837158203125E-7, 0.06643339178612977
0.54, 128, 3, 4.76837158203125E-7, 0.06643339178612977
0.50, 128, 3, 4.76837158203125E-7, 0.06643339178612977
0.57, 128, 3, 4.76837158203125E-7, 0.06643339178612977
0.49, 128, 3, 4.76837158203125E-7, 0.06643339178612977
0.52, 128, 4, 3.725290298461914E-9, 0.06643342321657084
0.51, 128, 4, 3.725290298461914E-9, 0.06643342321657084
0.55, 128, 4, 3.725290298461914E-9, 0.06643342321657084
0.52, 128, 4, 3.725290298461914E-9, 0.06643342321657084
0.52, 128, 4, 3.725290298461914E-9, 0.06643342321657084
0.55, 128, 4, 3.725290298461914E-9, 0.06643342321657084
0.52, 128, 4, 3.725290298461914E-9, 0.06643342321657084
0.52, 128, 4, 3.725290298461914E-9, 0.06643342321657084
0.55, 128, 4, 3.725290298461914E-9, 0.06643342321657084
0.55, 128, 4, 3.725290298461914E-9, 0.06643342321657084
0.55, 128, 5, 2.9103830456733704E-11, 0.06643342346212117
0.56, 128, 5, 2.9103830456733704E-11, 0.06643342346212117
0.52, 128, 5, 2.9103830456733704E-11, 0.06643342346212117
0.53, 128, 5, 2.9103830456733704E-11, 0.06643342346212117
0.55, 128, 5, 2.9103830456733704E-11, 0.06643342346212117
0.55, 128, 5, 2.9103830456733704E-11, 0.06643342346212117
0.52, 128, 5, 2.9103830456733704E-11, 0.06643342346212117
0.53, 128, 5, 2.9103830456733704E-11, 0.06643342346212117
0.53, 128, 5, 2.9103830456733704E-11, 0.06643342346212117
0.56, 128, 5, 2.9103830456733704E-11, 0.06643342346212117
0.55, 128, 6, 2.2737367544323206E-13, 0.06643342346403952
0.54, 128, 6, 2.2737367544323206E-13, 0.06643342346403952
0.57, 128, 6, 2.2737367544323206E-13, 0.06643342346403952
0.55, 128, 6, 2.2737367544323206E-13, 0.06643342346403952
0.54, 128, 6, 2.2737367544323206E-13, 0.06643342346403952
0.55, 128, 6, 2.2737367544323206E-13, 0.06643342346403952
0.55, 128, 6, 2.2737367544323206E-13, 0.06643342346403952
0.58, 128, 6, 2.2737367544323206E-13, 0.06643342346403952
0.54, 128, 6, 2.2737367544323206E-13, 0.06643342346403952
0.55, 128, 6, 2.2737367544323206E-13, 0.06643342346403952
0.54, 128, 7, 1.7763568394002505E-15, 0.06643342346405451
0.56, 128, 7, 1.7763568394002505E-15, 0.06643342346405451
0.55, 128, 7, 1.7763568394002505E-15, 0.06643342346405451
0.55, 128, 7, 1.7763568394002505E-15, 0.06643342346405451
0.55, 128, 7, 1.7763568394002505E-15, 0.06643342346405451
0.55, 128, 7, 1.7763568394002505E-15, 0.06643342346405451
0.55, 128, 7, 1.7763568394002505E-15, 0.06643342346405451
0.57, 128, 7, 1.7763568394002505E-15, 0.06643342346405451
0.56, 128, 7, 1.7763568394002505E-15, 0.06643342346405451
0.56, 128, 7, 1.7763568394002505E-15, 0.06643342346405451
0.58, 128, 8, 1.3877787807814457E-17, 0.06643342346405462
0.56, 128, 8, 1.3877787807814457E-17, 0.06643342346405462
0.58, 128, 8, 1.3877787807814457E-17, 0.06643342346405462
0.59, 128, 8, 1.3877787807814457E-17, 0.06643342346405462
0.59, 128, 8, 1.3877787807814457E-17, 0.06643342346405462
0.58, 128, 8, 1.3877787807814457E-17, 0.06643342346405462
0.57, 128, 8, 1.3877787807814457E-17, 0.06643342346405462
0.58, 128, 8, 1.3877787807814457E-17, 0.06643342346405462
0.60, 128, 8, 1.3877787807814457E-17, 0.06643342346405462
0.57, 128, 8, 1.3877787807814457E-17, 0.06643342346405462
0.61, 128, 9, 1.0842021724855044E-19, 0.06643342346405462
0.59, 128, 9, 1.0842021724855044E-19, 0.06643342346405462
0.58, 128, 9, 1.0842021724855044E-19, 0.06643342346405462
0.57, 128, 9, 1.0842021724855044E-19, 0.06643342346405462
0.59, 128, 9, 1.0842021724855044E-19, 0.06643342346405462
0.61, 128, 9, 1.0842021724855044E-19, 0.06643342346405462
0.59, 128, 9, 1.0842021724855044E-19, 0.06643342346405462
0.59, 128, 9, 1.0842021724855044E-19, 0.06643342346405462
0.59, 128, 9, 1.0842021724855044E-19, 0.06643342346405462
0.58, 128, 9, 1.0842021724855044E-19, 0.06643342346405462
0.61, 128, 10, 8.470329472543003E-22, 0.06643342346405462
0.60, 128, 10, 8.470329472543003E-22, 0.06643342346405462
0.59, 128, 10, 8.470329472543003E-22, 0.06643342346405462
0.60, 128, 10, 8.470329472543003E-22, 0.06643342346405462
0.59, 128, 10, 8.470329472543003E-22, 0.06643342346405462
0.60, 128, 10, 8.470329472543003E-22, 0.06643342346405462
0.59, 128, 10, 8.470329472543003E-22, 0.06643342346405462
0.59, 128, 10, 8.470329472543003E-22, 0.06643342346405462
0.61, 128, 10, 8.470329472543003E-22, 0.06643342346405462
0.60, 128, 10, 8.470329472543003E-22, 0.06643342346405462
0.62, 128, 11, 6.6174449004242214E-24, 0.06643342346405462
0.61, 128, 11, 6.6174449004242214E-24, 0.06643342346405462
0.62, 128, 11, 6.6174449004242214E-24, 0.06643342346405462
0.63, 128, 11, 6.6174449004242214E-24, 0.06643342346405462
0.60, 128, 11, 6.6174449004242214E-24, 0.06643342346405462
0.61, 128, 11, 6.6174449004242214E-24, 0.06643342346405462
0.63, 128, 11, 6.6174449004242214E-24, 0.06643342346405462
0.60, 128, 11, 6.6174449004242214E-24, 0.06643342346405462
0.62, 128, 11, 6.6174449004242214E-24, 0.06643342346405462
0.62, 128, 11, 6.6174449004242214E-24, 0.06643342346405462
0.64, 128, 12, 5.169878828456423E-26, 0.06643342346405463
0.64, 128, 12, 5.169878828456423E-26, 0.06643342346405463
0.62, 128, 12, 5.169878828456423E-26, 0.06643342346405463
0.64, 128, 12, 5.169878828456423E-26, 0.06643342346405463
0.64, 128, 12, 5.169878828456423E-26, 0.06643342346405463
0.63, 128, 12, 5.169878828456423E-26, 0.06643342346405463
0.63, 128, 12, 5.169878828456423E-26, 0.06643342346405463
0.65, 128, 12, 5.169878828456423E-26, 0.06643342346405463
0.63, 128, 12, 5.169878828456423E-26, 0.06643342346405463
0.66, 128, 12, 5.169878828456423E-26, 0.06643342346405463
0.67, 128, 13, 4.0389678347315804E-28, 0.06643342346405462
0.65, 128, 13, 4.0389678347315804E-28, 0.06643342346405462
0.69, 128, 13, 4.0389678347315804E-28, 0.06643342346405462
0.65, 128, 13, 4.0389678347315804E-28, 0.06643342346405462
0.65, 128, 13, 4.0389678347315804E-28, 0.06643342346405462
0.72, 128, 13, 4.0389678347315804E-28, 0.06643342346405462
0.69, 128, 13, 4.0389678347315804E-28, 0.06643342346405462
0.66, 128, 13, 4.0389678347315804E-28, 0.06643342346405462
0.66, 128, 13, 4.0389678347315804E-28, 0.06643342346405462
0.66, 128, 13, 4.0389678347315804E-28, 0.06643342346405462
0.68, 128, 14, 3.1554436208840472E-30, 0.06643342346405462
0.68, 128, 14, 3.1554436208840472E-30, 0.06643342346405462
0.69, 128, 14, 3.1554436208840472E-30, 0.06643342346405462
0.67, 128, 14, 3.1554436208840472E-30, 0.06643342346405462
0.68, 128, 14, 3.1554436208840472E-30, 0.06643342346405462
0.66, 128, 14, 3.1554436208840472E-30, 0.06643342346405462
0.67, 128, 14, 3.1554436208840472E-30, 0.06643342346405462
0.68, 128, 14, 3.1554436208840472E-30, 0.06643342346405462
0.69, 128, 14, 3.1554436208840472E-30, 0.06643342346405462
0.66, 128, 14, 3.1554436208840472E-30, 0.06643342346405462
0.69, 128, 15, 2.465190328815662E-32, 0.06643342346405462
0.70, 128, 15, 2.465190328815662E-32, 0.06643342346405462
0.70, 128, 15, 2.465190328815662E-32, 0.06643342346405462
0.68, 128, 15, 2.465190328815662E-32, 0.06643342346405462
0.71, 128, 15, 2.465190328815662E-32, 0.06643342346405462
0.71, 128, 15, 2.465190328815662E-32, 0.06643342346405462
0.69, 128, 15, 2.465190328815662E-32, 0.06643342346405462
0.68, 128, 15, 2.465190328815662E-32, 0.06643342346405462
0.68, 128, 15, 2.465190328815662E-32, 0.06643342346405462
0.70, 128, 15, 2.465190328815662E-32, 0.06643342346405462
0.72, 128, 16, 1.9259299443872359E-34, 0.06643342346405463
0.73, 128, 16, 1.9259299443872359E-34, 0.06643342346405463
0.72, 128, 16, 1.9259299443872359E-34, 0.06643342346405463
0.72, 128, 16, 1.9259299443872359E-34, 0.06643342346405463
0.72, 128, 16, 1.9259299443872359E-34, 0.06643342346405463
0.71, 128, 16, 1.9259299443872359E-34, 0.06643342346405463
0.70, 128, 16, 1.9259299443872359E-34, 0.06643342346405463
0.71, 128, 16, 1.9259299443872359E-34, 0.06643342346405463
0.73, 128, 16, 1.9259299443872359E-34, 0.06643342346405463
0.73, 128, 16, 1.9259299443872359E-34, 0.06643342346405463
0.75, 128, 17, 1.504632769052528E-36, 0.06643342346405462
0.74, 128, 17, 1.504632769052528E-36, 0.06643342346405462
0.75, 128, 17, 1.504632769052528E-36, 0.06643342346405462
0.74, 128, 17, 1.504632769052528E-36, 0.06643342346405462
0.74, 128, 17, 1.504632769052528E-36, 0.06643342346405462
0.75, 128, 17, 1.504632769052528E-36, 0.06643342346405462
0.74, 128, 17, 1.504632769052528E-36, 0.06643342346405462
0.75, 128, 17, 1.504632769052528E-36, 0.06643342346405462
0.75, 128, 17, 1.504632769052528E-36, 0.06643342346405462
0.74, 128, 17, 1.504632769052528E-36, 0.06643342346405462
0.79, 128, 18, 1.1754943508222875E-38, 0.06643342346405462
0.77, 128, 18, 1.1754943508222875E-38, 0.06643342346405462
0.80, 128, 18, 1.1754943508222875E-38, 0.06643342346405462
0.78, 128, 18, 1.1754943508222875E-38, 0.06643342346405462
0.79, 128, 18, 1.1754943508222875E-38, 0.06643342346405462
0.79, 128, 18, 1.1754943508222875E-38, 0.06643342346405462
0.80, 128, 18, 1.1754943508222875E-38, 0.06643342346405462
0.79, 128, 18, 1.1754943508222875E-38, 0.06643342346405462
0.76, 128, 18, 1.1754943508222875E-38, 0.06643342346405462
0.75, 128, 18, 1.1754943508222875E-38, 0.06643342346405462
0.84, 128, 19, 9.183549615799121E-41, 0.06643342346405462
0.79, 128, 19, 9.183549615799121E-41, 0.06643342346405462
0.80, 128, 19, 9.183549615799121E-41, 0.06643342346405462
0.82, 128, 19, 9.183549615799121E-41, 0.06643342346405462
0.80, 128, 19, 9.183549615799121E-41, 0.06643342346405462
0.80, 128, 19, 9.183549615799121E-41, 0.06643342346405462
0.80, 128, 19, 9.183549615799121E-41, 0.06643342346405462
0.81, 128, 19, 9.183549615799121E-41, 0.06643342346405462
0.79, 128, 19, 9.183549615799121E-41, 0.06643342346405462
0.80, 128, 19, 9.183549615799121E-41, 0.06643342346405462
0.82, 128, 20, 7.1746481373430634E-43, 0.06643342346405462
0.82, 128, 20, 7.1746481373430634E-43, 0.06643342346405462
0.82, 128, 20, 7.1746481373430634E-43, 0.06643342346405462
0.82, 128, 20, 7.1746481373430634E-43, 0.06643342346405462
0.81, 128, 20, 7.1746481373430634E-43, 0.06643342346405462
0.84, 128, 20, 7.1746481373430634E-43, 0.06643342346405462
0.85, 128, 20, 7.1746481373430634E-43, 0.06643342346405462
0.85, 128, 20, 7.1746481373430634E-43, 0.06643342346405462
0.83, 128, 20, 7.1746481373430634E-43, 0.06643342346405462
0.85, 128, 20, 7.1746481373430634E-43, 0.06643342346405462
0.50, 256, 1, 0.00390625, 0.03687450625387197
0.51, 256, 1, 0.00390625, 0.03687450625387197
0.50, 256, 1, 0.00390625, 0.03687450625387197
0.48, 256, 1, 0.00390625, 0.03687450625387197
0.48, 256, 1, 0.00390625, 0.03687450625387197
0.48, 256, 1, 0.00390625, 0.03687450625387197
0.49, 256, 1, 0.00390625, 0.03687450625387197
0.49, 256, 1, 0.00390625, 0.03687450625387197
0.52, 256, 1, 0.00390625, 0.03687450625387197
0.55, 256, 1, 0.00390625, 0.03687450625387197
0.48, 256, 2, 1.52587890625E-5, 0.03701854729392617
0.52, 256, 2, 1.52587890625E-5, 0.03701854729392617
0.49, 256, 2, 1.52587890625E-5, 0.03701854729392617
0.50, 256, 2, 1.52587890625E-5, 0.03701854729392617
0.48, 256, 2, 1.52587890625E-5, 0.03701854729392617
0.50, 256, 2, 1.52587890625E-5, 0.03701854729392617
0.50, 256, 2, 1.52587890625E-5, 0.03701854729392617
0.50, 256, 2, 1.52587890625E-5, 0.03701854729392617
0.50, 256, 2, 1.52587890625E-5, 0.03701854729392617
0.50, 256, 2, 1.52587890625E-5, 0.03701854729392617
0.49, 256, 3, 5.9604644775390625E-8, 0.03701910995423888
0.50, 256, 3, 5.9604644775390625E-8, 0.03701910995423888
0.49, 256, 3, 5.9604644775390625E-8, 0.03701910995423888
0.51, 256, 3, 5.9604644775390625E-8, 0.03701910995423888
0.49, 256, 3, 5.9604644775390625E-8, 0.03701910995423888
0.55, 256, 3, 5.9604644775390625E-8, 0.03701910995423888
0.50, 256, 3, 5.9604644775390625E-8, 0.03701910995423888
0.50, 256, 3, 5.9604644775390625E-8, 0.03701910995423888
0.50, 256, 3, 5.9604644775390625E-8, 0.03701910995423888
0.56, 256, 3, 5.9604644775390625E-8, 0.03701910995423888
0.52, 256, 4, 2.3283064365386963E-10, 0.037019112152130725
0.56, 256, 4, 2.3283064365386963E-10, 0.037019112152130725
0.51, 256, 4, 2.3283064365386963E-10, 0.037019112152130725
0.51, 256, 4, 2.3283064365386963E-10, 0.037019112152130725
0.52, 256, 4, 2.3283064365386963E-10, 0.037019112152130725
0.55, 256, 4, 2.3283064365386963E-10, 0.037019112152130725
0.52, 256, 4, 2.3283064365386963E-10, 0.037019112152130725
0.51, 256, 4, 2.3283064365386963E-10, 0.037019112152130725
0.53, 256, 4, 2.3283064365386963E-10, 0.037019112152130725
0.51, 256, 4, 2.3283064365386963E-10, 0.037019112152130725
0.53, 256, 5, 9.094947017729282E-13, 0.03701911216071624
0.53, 256, 5, 9.094947017729282E-13, 0.03701911216071624
0.53, 256, 5, 9.094947017729282E-13, 0.03701911216071624
0.55, 256, 5, 9.094947017729282E-13, 0.03701911216071624
0.53, 256, 5, 9.094947017729282E-13, 0.03701911216071624
0.53, 256, 5, 9.094947017729282E-13, 0.03701911216071624
0.53, 256, 5, 9.094947017729282E-13, 0.03701911216071624
0.53, 256, 5, 9.094947017729282E-13, 0.03701911216071624
0.54, 256, 5, 9.094947017729282E-13, 0.03701911216071624
0.56, 256, 5, 9.094947017729282E-13, 0.03701911216071624
0.56, 256, 6, 3.552713678800501E-15, 0.037019112160749774
0.55, 256, 6, 3.552713678800501E-15, 0.037019112160749774
0.54, 256, 6, 3.552713678800501E-15, 0.037019112160749774
0.56, 256, 6, 3.552713678800501E-15, 0.037019112160749774
0.55, 256, 6, 3.552713678800501E-15, 0.037019112160749774
0.55, 256, 6, 3.552713678800501E-15, 0.037019112160749774
0.55, 256, 6, 3.552713678800501E-15, 0.037019112160749774
0.55, 256, 6, 3.552713678800501E-15, 0.037019112160749774
0.54, 256, 6, 3.552713678800501E-15, 0.037019112160749774
0.54, 256, 6, 3.552713678800501E-15, 0.037019112160749774
0.56, 256, 7, 1.3877787807814457E-17, 0.037019112160749906
0.56, 256, 7, 1.3877787807814457E-17, 0.037019112160749906
0.55, 256, 7, 1.3877787807814457E-17, 0.037019112160749906
0.56, 256, 7, 1.3877787807814457E-17, 0.037019112160749906
0.56, 256, 7, 1.3877787807814457E-17, 0.037019112160749906
0.56, 256, 7, 1.3877787807814457E-17, 0.037019112160749906
0.55, 256, 7, 1.3877787807814457E-17, 0.037019112160749906
0.56, 256, 7, 1.3877787807814457E-17, 0.037019112160749906
0.57, 256, 7, 1.3877787807814457E-17, 0.037019112160749906
0.56, 256, 7, 1.3877787807814457E-17, 0.037019112160749906
0.57, 256, 8, 5.421010862427522E-20, 0.03701911216074991
0.59, 256, 8, 5.421010862427522E-20, 0.03701911216074991
0.57, 256, 8, 5.421010862427522E-20, 0.03701911216074991
0.57, 256, 8, 5.421010862427522E-20, 0.03701911216074991
0.58, 256, 8, 5.421010862427522E-20, 0.03701911216074991
0.56, 256, 8, 5.421010862427522E-20, 0.03701911216074991
0.58, 256, 8, 5.421010862427522E-20, 0.03701911216074991
0.59, 256, 8, 5.421010862427522E-20, 0.03701911216074991
0.57, 256, 8, 5.421010862427522E-20, 0.03701911216074991
0.57, 256, 8, 5.421010862427522E-20, 0.03701911216074991
0.58, 256, 9, 2.1175823681357508E-22, 0.037019112160749906
0.60, 256, 9, 2.1175823681357508E-22, 0.037019112160749906
0.59, 256, 9, 2.1175823681357508E-22, 0.037019112160749906
0.59, 256, 9, 2.1175823681357508E-22, 0.037019112160749906
0.58, 256, 9, 2.1175823681357508E-22, 0.037019112160749906
0.59, 256, 9, 2.1175823681357508E-22, 0.037019112160749906
0.61, 256, 9, 2.1175823681357508E-22, 0.037019112160749906
0.59, 256, 9, 2.1175823681357508E-22, 0.037019112160749906
0.60, 256, 9, 2.1175823681357508E-22, 0.037019112160749906
0.59, 256, 9, 2.1175823681357508E-22, 0.037019112160749906
0.61, 256, 10, 8.271806125530277E-25, 0.037019112160749906
0.61, 256, 10, 8.271806125530277E-25, 0.037019112160749906
0.58, 256, 10, 8.271806125530277E-25, 0.037019112160749906
0.61, 256, 10, 8.271806125530277E-25, 0.037019112160749906
0.59, 256, 10, 8.271806125530277E-25, 0.037019112160749906
0.59, 256, 10, 8.271806125530277E-25, 0.037019112160749906
0.62, 256, 10, 8.271806125530277E-25, 0.037019112160749906
0.62, 256, 10, 8.271806125530277E-25, 0.037019112160749906
0.60, 256, 10, 8.271806125530277E-25, 0.037019112160749906
0.60, 256, 10, 8.271806125530277E-25, 0.037019112160749906
0.61, 256, 11, 3.2311742677852644E-27, 0.037019112160749906
0.62, 256, 11, 3.2311742677852644E-27, 0.037019112160749906
0.61, 256, 11, 3.2311742677852644E-27, 0.037019112160749906
0.61, 256, 11, 3.2311742677852644E-27, 0.037019112160749906
0.62, 256, 11, 3.2311742677852644E-27, 0.037019112160749906
0.61, 256, 11, 3.2311742677852644E-27, 0.037019112160749906
0.63, 256, 11, 3.2311742677852644E-27, 0.037019112160749906
0.62, 256, 11, 3.2311742677852644E-27, 0.037019112160749906
0.60, 256, 11, 3.2311742677852644E-27, 0.037019112160749906
0.62, 256, 11, 3.2311742677852644E-27, 0.037019112160749906
0.64, 256, 12, 1.2621774483536189E-29, 0.037019112160749906
0.63, 256, 12, 1.2621774483536189E-29, 0.037019112160749906
0.65, 256, 12, 1.2621774483536189E-29, 0.037019112160749906
0.63, 256, 12, 1.2621774483536189E-29, 0.037019112160749906
0.66, 256, 12, 1.2621774483536189E-29, 0.037019112160749906
0.66, 256, 12, 1.2621774483536189E-29, 0.037019112160749906
0.63, 256, 12, 1.2621774483536189E-29, 0.037019112160749906
0.63, 256, 12, 1.2621774483536189E-29, 0.037019112160749906
0.64, 256, 12, 1.2621774483536189E-29, 0.037019112160749906
0.64, 256, 12, 1.2621774483536189E-29, 0.037019112160749906
0.66, 256, 13, 4.930380657631324E-32, 0.037019112160749906
0.65, 256, 13, 4.930380657631324E-32, 0.037019112160749906
0.65, 256, 13, 4.930380657631324E-32, 0.037019112160749906
0.66, 256, 13, 4.930380657631324E-32, 0.037019112160749906
0.65, 256, 13, 4.930380657631324E-32, 0.037019112160749906
0.64, 256, 13, 4.930380657631324E-32, 0.037019112160749906
0.65, 256, 13, 4.930380657631324E-32, 0.037019112160749906
0.64, 256, 13, 4.930380657631324E-32, 0.037019112160749906
0.64, 256, 13, 4.930380657631324E-32, 0.037019112160749906
0.66, 256, 13, 4.930380657631324E-32, 0.037019112160749906
0.68, 256, 14, 1.9259299443872359E-34, 0.037019112160749906
0.67, 256, 14, 1.9259299443872359E-34, 0.037019112160749906
0.67, 256, 14, 1.9259299443872359E-34, 0.037019112160749906
0.67, 256, 14, 1.9259299443872359E-34, 0.037019112160749906
0.67, 256, 14, 1.9259299443872359E-34, 0.037019112160749906
0.67, 256, 14, 1.9259299443872359E-34, 0.037019112160749906
0.68, 256, 14, 1.9259299443872359E-34, 0.037019112160749906
0.66, 256, 14, 1.9259299443872359E-34, 0.037019112160749906
0.69, 256, 14, 1.9259299443872359E-34, 0.037019112160749906
0.67, 256, 14, 1.9259299443872359E-34, 0.037019112160749906
0.70, 256, 15, 7.52316384526264E-37, 0.037019112160749906
0.70, 256, 15, 7.52316384526264E-37, 0.037019112160749906
0.71, 256, 15, 7.52316384526264E-37, 0.037019112160749906
0.69, 256, 15, 7.52316384526264E-37, 0.037019112160749906
0.70, 256, 15, 7.52316384526264E-37, 0.037019112160749906
0.69, 256, 15, 7.52316384526264E-37, 0.037019112160749906
0.70, 256, 15, 7.52316384526264E-37, 0.037019112160749906
0.70, 256, 15, 7.52316384526264E-37, 0.037019112160749906
0.70, 256, 15, 7.52316384526264E-37, 0.037019112160749906
0.69, 256, 15, 7.52316384526264E-37, 0.037019112160749906
0.72, 256, 16, 2.9387358770557188E-39, 0.037019112160749906
0.71, 256, 16, 2.9387358770557188E-39, 0.037019112160749906
0.72, 256, 16, 2.9387358770557188E-39, 0.037019112160749906
0.70, 256, 16, 2.9387358770557188E-39, 0.037019112160749906
0.70, 256, 16, 2.9387358770557188E-39, 0.037019112160749906
0.73, 256, 16, 2.9387358770557188E-39, 0.037019112160749906
0.71, 256, 16, 2.9387358770557188E-39, 0.037019112160749906
0.73, 256, 16, 2.9387358770557188E-39, 0.037019112160749906
0.73, 256, 16, 2.9387358770557188E-39, 0.037019112160749906
0.72, 256, 16, 2.9387358770557188E-39, 0.037019112160749906
0.78, 256, 17, 1.1479437019748901E-41, 0.037019112160749906
0.75, 256, 17, 1.1479437019748901E-41, 0.037019112160749906
0.73, 256, 17, 1.1479437019748901E-41, 0.037019112160749906
0.75, 256, 17, 1.1479437019748901E-41, 0.037019112160749906
0.76, 256, 17, 1.1479437019748901E-41, 0.037019112160749906
0.77, 256, 17, 1.1479437019748901E-41, 0.037019112160749906
0.74, 256, 17, 1.1479437019748901E-41, 0.037019112160749906
0.75, 256, 17, 1.1479437019748901E-41, 0.037019112160749906
0.77, 256, 17, 1.1479437019748901E-41, 0.037019112160749906
0.75, 256, 17, 1.1479437019748901E-41, 0.037019112160749906
0.78, 256, 18, 4.4841550858394146E-44, 0.037019112160749906
0.76, 256, 18, 4.4841550858394146E-44, 0.037019112160749906
0.78, 256, 18, 4.4841550858394146E-44, 0.037019112160749906
0.77, 256, 18, 4.4841550858394146E-44, 0.037019112160749906
0.78, 256, 18, 4.4841550858394146E-44, 0.037019112160749906
0.77, 256, 18, 4.4841550858394146E-44, 0.037019112160749906
0.78, 256, 18, 4.4841550858394146E-44, 0.037019112160749906
0.79, 256, 18, 4.4841550858394146E-44, 0.037019112160749906
0.77, 256, 18, 4.4841550858394146E-44, 0.037019112160749906
0.79, 256, 18, 4.4841550858394146E-44, 0.037019112160749906
0.81, 256, 19, 1.7516230804060213E-46, 0.037019112160749906
0.82, 256, 19, 1.7516230804060213E-46, 0.037019112160749906
0.81, 256, 19, 1.7516230804060213E-46, 0.037019112160749906
0.80, 256, 19, 1.7516230804060213E-46, 0.037019112160749906
0.82, 256, 19, 1.7516230804060213E-46, 0.037019112160749906
0.81, 256, 19, 1.7516230804060213E-46, 0.037019112160749906
0.82, 256, 19, 1.7516230804060213E-46, 0.037019112160749906
0.82, 256, 19, 1.7516230804060213E-46, 0.037019112160749906
0.81, 256, 19, 1.7516230804060213E-46, 0.037019112160749906
0.82, 256, 19, 1.7516230804060213E-46, 0.037019112160749906
0.81, 256, 20, 6.842277657836021E-49, 0.037019112160749906
0.81, 256, 20, 6.842277657836021E-49, 0.037019112160749906
0.81, 256, 20, 6.842277657836021E-49, 0.037019112160749906
0.82, 256, 20, 6.842277657836021E-49, 0.037019112160749906
0.84, 256, 20, 6.842277657836021E-49, 0.037019112160749906
0.82, 256, 20, 6.842277657836021E-49, 0.037019112160749906
0.87, 256, 20, 6.842277657836021E-49, 0.037019112160749906
0.82, 256, 20, 6.842277657836021E-49, 0.037019112160749906
0.85, 256, 20, 6.842277657836021E-49, 0.037019112160749906
0.82, 256, 20, 6.842277657836021E-49, 0.037019112160749906
