0.69, 4, 1, 0.25, 0.8112781244591328
0.67, 4, 1, 0.25, 0.8112781244591328
0.69, 4, 1, 0.25, 0.8112781244591328
0.69, 4, 1, 0.25, 0.8112781244591328
0.70, 4, 1, 0.25, 0.8112781244591328
0.70, 4, 1, 0.25, 0.8112781244591328
0.71, 4, 1, 0.25, 0.8112781244591328
0.68, 4, 1, 0.25, 0.8112781244591328
0.69, 4, 1, 0.25, 0.8112781244591328
0.69, 4, 1, 0.25, 0.8112781244591328
0.76, 4, 2, 0.0625, 1.014097655573916
0.77, 4, 2, 0.0625, 1.014097655573916
0.74, 4, 2, 0.0625, 1.014097655573916
0.77, 4, 2, 0.0625, 1.014097655573916
0.77, 4, 2, 0.0625, 1.014097655573916
0.78, 4, 2, 0.0625, 1.014097655573916
0.78, 4, 2, 0.0625, 1.014097655573916
0.78, 4, 2, 0.0625, 1.014097655573916
0.78, 4, 2, 0.0625, 1.014097655573916
0.75, 4, 2, 0.0625, 1.014097655573916
0.85, 4, 3, 0.015625, 1.064802538352612
0.84, 4, 3, 0.015625, 1.064802538352612
0.83, 4, 3, 0.015625, 1.064802538352612
0.85, 4, 3, 0.015625, 1.064802538352612
0.86, 4, 3, 0.015625, 1.064802538352612
0.85, 4, 3, 0.015625, 1.064802538352612
0.86, 4, 3, 0.015625, 1.064802538352612
0.85, 4, 3, 0.015625, 1.064802538352612
0.84, 4, 3, 0.015625, 1.064802538352612
0.84, 4, 3, 0.015625, 1.064802538352612
0.95, 4, 4, 0.00390625, 1.077478759047286
0.96, 4, 4, 0.00390625, 1.077478759047286
0.96, 4, 4, 0.00390625, 1.077478759047286
0.95, 4, 4, 0.00390625, 1.077478759047286
0.97, 4, 4, 0.00390625, 1.077478759047286
0.94, 4, 4, 0.00390625, 1.077478759047286
0.95, 4, 4, 0.00390625, 1.077478759047286
0.96, 4, 4, 0.00390625, 1.077478759047286
0.95, 4, 4, 0.00390625, 1.077478759047286
0.94, 4, 4, 0.00390625, 1.077478759047286
1.08, 4, 5, 9.765625E-4, 1.0806478142209546
1.08, 4, 5, 9.765625E-4, 1.0806478142209546
1.07, 4, 5, 9.765625E-4, 1.0806478142209546
1.07, 4, 5, 9.765625E-4, 1.0806478142209546
1.06, 4, 5, 9.765625E-4, 1.0806478142209546
1.06, 4, 5, 9.765625E-4, 1.0806478142209546
1.05, 4, 5, 9.765625E-4, 1.0806478142209546
1.07, 4, 5, 9.765625E-4, 1.0806478142209546
1.07, 4, 5, 9.765625E-4, 1.0806478142209546
1.08, 4, 5, 9.765625E-4, 1.0806478142209546
1.27, 4, 6, 2.44140625E-4, 1.0814400780143716
1.28, 4, 6, 2.44140625E-4, 1.0814400780143716
1.24, 4, 6, 2.44140625E-4, 1.0814400780143716
1.24, 4, 6, 2.44140625E-4, 1.0814400780143716
1.24, 4, 6, 2.44140625E-4, 1.0814400780143716
1.24, 4, 6, 2.44140625E-4, 1.0814400780143716
1.24, 4, 6, 2.44140625E-4, 1.0814400780143716
1.25, 4, 6, 2.44140625E-4, 1.0814400780143716
1.24, 4, 6, 2.44140625E-4, 1.0814400780143716
1.26, 4, 6, 2.44140625E-4, 1.0814400780143716
1.57, 4, 7, 6.103515625E-5, 1.0816381439627258
1.43, 4, 7, 6.103515625E-5, 1.0816381439627258
1.46, 4, 7, 6.103515625E-5, 1.0816381439627258
1.42, 4, 7, 6.103515625E-5, 1.0816381439627258
1.44, 4, 7, 6.103515625E-5, 1.0816381439627258
1.47, 4, 7, 6.103515625E-5, 1.0816381439627258
1.44, 4, 7, 6.103515625E-5, 1.0816381439627258
1.46, 4, 7, 6.103515625E-5, 1.0816381439627258
1.44, 4, 7, 6.103515625E-5, 1.0816381439627258
1.48, 4, 7, 6.103515625E-5, 1.0816381439627258
1.65, 4, 8, 1.52587890625E-5, 1.0816876604498145
1.70, 4, 8, 1.52587890625E-5, 1.0816876604498145
1.68, 4, 8, 1.52587890625E-5, 1.0816876604498145
1.68, 4, 8, 1.52587890625E-5, 1.0816876604498145
1.66, 4, 8, 1.52587890625E-5, 1.0816876604498145
1.63, 4, 8, 1.52587890625E-5, 1.0816876604498145
1.70, 4, 8, 1.52587890625E-5, 1.0816876604498145
1.68, 4, 8, 1.52587890625E-5, 1.0816876604498145
1.66, 4, 8, 1.52587890625E-5, 1.0816876604498145
1.66, 4, 8, 1.52587890625E-5, 1.0816876604498145
1.87, 4, 9, 3.814697265625E-6, 1.0817000395715866
1.85, 4, 9, 3.814697265625E-6, 1.0817000395715866
1.85, 4, 9, 3.814697265625E-6, 1.0817000395715866
1.85, 4, 9, 3.814697265625E-6, 1.0817000395715866
1.84, 4, 9, 3.814697265625E-6, 1.0817000395715866
1.83, 4, 9, 3.814697265625E-6, 1.0817000395715866
1.87, 4, 9, 3.814697265625E-6, 1.0817000395715866
1.92, 4, 9, 3.814697265625E-6, 1.0817000395715866
1.85, 4, 9, 3.814697265625E-6, 1.0817000395715866
1.83, 4, 9, 3.814697265625E-6, 1.0817000395715866
2.03, 4, 10, 9.5367431640625E-7, 1.0817031343520294
2.04, 4, 10, 9.5367431640625E-7, 1.0817031343520294
2.01, 4, 10, 9.5367431640625E-7, 1.0817031343520294
2.09, 4, 10, 9.5367431640625E-7, 1.0817031343520294
2.03, 4, 10, 9.5367431640625E-7, 1.0817031343520294
2.17, 4, 10, 9.5367431640625E-7, 1.0817031343520294
2.03, 4, 10, 9.5367431640625E-7, 1.0817031343520294
2.06, 4, 10, 9.5367431640625E-7, 1.0817031343520294
2.07, 4, 10, 9.5367431640625E-7, 1.0817031343520294
2.06, 4, 10, 9.5367431640625E-7, 1.0817031343520294
2.50, 4, 11, 2.384185791015625E-7, 1.0817039080471404
2.53, 4, 11, 2.384185791015625E-7, 1.0817039080471404
2.47, 4, 11, 2.384185791015625E-7, 1.0817039080471404
2.48, 4, 11, 2.384185791015625E-7, 1.0817039080471404
2.45, 4, 11, 2.384185791015625E-7, 1.0817039080471404
2.47, 4, 11, 2.384185791015625E-7, 1.0817039080471404
2.45, 4, 11, 2.384185791015625E-7, 1.0817039080471404
2.50, 4, 11, 2.384185791015625E-7, 1.0817039080471404
2.43, 4, 11, 2.384185791015625E-7, 1.0817039080471404
2.55, 4, 11, 2.384185791015625E-7, 1.0817039080471404
2.67, 4, 12, 5.9604644775390625E-8, 1.081704101470918
2.74, 4, 12, 5.9604644775390625E-8, 1.081704101470918
2.74, 4, 12, 5.9604644775390625E-8, 1.081704101470918
2.70, 4, 12, 5.9604644775390625E-8, 1.081704101470918
2.69, 4, 12, 5.9604644775390625E-8, 1.081704101470918
2.71, 4, 12, 5.9604644775390625E-8, 1.081704101470918
2.68, 4, 12, 5.9604644775390625E-8, 1.081704101470918
2.70, 4, 12, 5.9604644775390625E-8, 1.081704101470918
2.72, 4, 12, 5.9604644775390625E-8, 1.081704101470918
2.83, 4, 12, 5.9604644775390625E-8, 1.081704101470918
3.00, 4, 13, 1.4901161193847656E-8, 1.0817041498268625
3.00, 4, 13, 1.4901161193847656E-8, 1.0817041498268625
3.04, 4, 13, 1.4901161193847656E-8, 1.0817041498268625
2.95, 4, 13, 1.4901161193847656E-8, 1.0817041498268625
2.96, 4, 13, 1.4901161193847656E-8, 1.0817041498268625
2.92, 4, 13, 1.4901161193847656E-8, 1.0817041498268625
2.94, 4, 13, 1.4901161193847656E-8, 1.0817041498268625
2.96, 4, 13, 1.4901161193847656E-8, 1.0817041498268625
3.04, 4, 13, 1.4901161193847656E-8, 1.0817041498268625
2.96, 4, 13, 1.4901161193847656E-8, 1.0817041498268625
3.28, 4, 14, 3.725290298461914E-9, 1.0817041619158485
3.38, 4, 14, 3.725290298461914E-9, 1.0817041619158485
3.34, 4, 14, 3.725290298461914E-9, 1.0817041619158485
3.39, 4, 14, 3.725290298461914E-9, 1.0817041619158485
3.30, 4, 14, 3.725290298461914E-9, 1.0817041619158485
3.35, 4, 14, 3.725290298461914E-9, 1.0817041619158485
3.28, 4, 14, 3.725290298461914E-9, 1.0817041619158485
3.35, 4, 14, 3.725290298461914E-9, 1.0817041619158485
3.43, 4, 14, 3.725290298461914E-9, 1.0817041619158485
3.30, 4, 14, 3.725290298461914E-9, 1.0817041619158485
3.65, 4, 15, 9.313225746154785E-10, 1.081704164938095
3.62, 4, 15, 9.313225746154785E-10, 1.081704164938095
3.61, 4, 15, 9.313225746154785E-10, 1.081704164938095
3.60, 4, 15, 9.313225746154785E-10, 1.081704164938095
3.56, 4, 15, 9.313225746154785E-10, 1.081704164938095
3.62, 4, 15, 9.313225746154785E-10, 1.081704164938095
3.63, 4, 15, 9.313225746154785E-10, 1.081704164938095
3.64, 4, 15, 9.313225746154785E-10, 1.081704164938095
3.64, 4, 15, 9.313225746154785E-10, 1.081704164938095
3.62, 4, 15, 9.313225746154785E-10, 1.081704164938095
3.96, 4, 16, 2.3283064365386963E-10, 1.0817041656936568
3.99, 4, 16, 2.3283064365386963E-10, 1.0817041656936568
3.99, 4, 16, 2.3283064365386963E-10, 1.0817041656936568
3.97, 4, 16, 2.3283064365386963E-10, 1.0817041656936568
4.10, 4, 16, 2.3283064365386963E-10, 1.0817041656936568
4.00, 4, 16, 2.3283064365386963E-10, 1.0817041656936568
4.02, 4, 16, 2.3283064365386963E-10, 1.0817041656936568
4.02, 4, 16, 2.3283064365386963E-10, 1.0817041656936568
4.03, 4, 16, 2.3283064365386963E-10, 1.0817041656936568
3.98, 4, 16, 2.3283064365386963E-10, 1.0817041656936568
4.35, 4, 17, 5.820766091346741E-11, 1.0817041658825468
4.30, 4, 17, 5.820766091346741E-11, 1.0817041658825468
4.47, 4, 17, 5.820766091346741E-11, 1.0817041658825468
4.35, 4, 17, 5.820766091346741E-11, 1.0817041658825468
4.29, 4, 17, 5.820766091346741E-11, 1.0817041658825468
4.35, 4, 17, 5.820766091346741E-11, 1.0817041658825468
4.26, 4, 17, 5.820766091346741E-11, 1.0817041658825468
4.31, 4, 17, 5.820766091346741E-11, 1.0817041658825468
4.48, 4, 17, 5.820766091346741E-11, 1.0817041658825468
4.37, 4, 17, 5.820766091346741E-11, 1.0817041658825468
4.83, 4, 18, 1.4551915228366852E-11, 1.0817041659297697
4.94, 4, 18, 1.4551915228366852E-11, 1.0817041659297697
4.75, 4, 18, 1.4551915228366852E-11, 1.0817041659297697
4.78, 4, 18, 1.4551915228366852E-11, 1.0817041659297697
4.92, 4, 18, 1.4551915228366852E-11, 1.0817041659297697
4.82, 4, 18, 1.4551915228366852E-11, 1.0817041659297697
4.83, 4, 18, 1.4551915228366852E-11, 1.0817041659297697
4.97, 4, 18, 1.4551915228366852E-11, 1.0817041659297697
4.84, 4, 18, 1.4551915228366852E-11, 1.0817041659297697
4.82, 4, 18, 1.4551915228366852E-11, 1.0817041659297697
5.28, 4, 19, 3.637978807091713E-12, 1.0817041659415754
5.33, 4, 19, 3.637978807091713E-12, 1.0817041659415754
5.39, 4, 19, 3.637978807091713E-12, 1.0817041659415754
5.33, 4, 19, 3.637978807091713E-12, 1.0817041659415754
5.28, 4, 19, 3.637978807091713E-12, 1.0817041659415754
5.38, 4, 19, 3.637978807091713E-12, 1.0817041659415754
5.33, 4, 19, 3.637978807091713E-12, 1.0817041659415754
5.36, 4, 19, 3.637978807091713E-12, 1.0817041659415754
5.29, 4, 19, 3.637978807091713E-12, 1.0817041659415754
5.33, 4, 19, 3.637978807091713E-12, 1.0817041659415754
5.91, 4, 20, 9.094947017729282E-13, 1.0817041659445268
5.91, 4, 20, 9.094947017729282E-13, 1.0817041659445268
6.04, 4, 20, 9.094947017729282E-13, 1.0817041659445268
5.99, 4, 20, 9.094947017729282E-13, 1.0817041659445268
5.86, 4, 20, 9.094947017729282E-13, 1.0817041659445268
5.90, 4, 20, 9.094947017729282E-13, 1.0817041659445268
5.94, 4, 20, 9.094947017729282E-13, 1.0817041659445268
5.81, 4, 20, 9.094947017729282E-13, 1.0817041659445268
5.89, 4, 20, 9.094947017729282E-13, 1.0817041659445268
5.96, 4, 20, 9.094947017729282E-13, 1.0817041659445268
0.69, 8, 1, 0.125, 0.5435644431995964
0.71, 8, 1, 0.125, 0.5435644431995964
0.71, 8, 1, 0.125, 0.5435644431995964
0.69, 8, 1, 0.125, 0.5435644431995964
0.68, 8, 1, 0.125, 0.5435644431995964
0.68, 8, 1, 0.125, 0.5435644431995964
0.68, 8, 1, 0.125, 0.5435644431995964
0.69, 8, 1, 0.125, 0.5435644431995964
0.68, 8, 1, 0.125, 0.5435644431995964
0.68, 8, 1, 0.125, 0.5435644431995964
0.78, 8, 2, 0.015625, 0.611509998599546
0.77, 8, 2, 0.015625, 0.611509998599546
0.76, 8, 2, 0.015625, 0.611509998599546
0.78, 8, 2, 0.015625, 0.611509998599546
0.76, 8, 2, 0.015625, 0.611509998599546
0.77, 8, 2, 0.015625, 0.611509998599546
0.77, 8, 2, 0.015625, 0.611509998599546
0.75, 8, 2, 0.015625, 0.611509998599546
0.86, 8, 2, 0.015625, 0.611509998599546
0.76, 8, 2, 0.015625, 0.611509998599546
0.84, 8, 3, 0.001953125, 0.6200031930245397
0.85, 8, 3, 0.001953125, 0.6200031930245397
0.87, 8, 3, 0.001953125, 0.6200031930245397
0.85, 8, 3, 0.001953125, 0.6200031930245397
0.85, 8, 3, 0.001953125, 0.6200031930245397
0.84, 8, 3, 0.001953125, 0.6200031930245397
0.85, 8, 3, 0.001953125, 0.6200031930245397
0.84, 8, 3, 0.001953125, 0.6200031930245397
0.85, 8, 3, 0.001953125, 0.6200031930245397
0.85, 8, 3, 0.001953125, 0.6200031930245397
0.96, 8, 4, 2.44140625E-4, 0.6210648423276639
0.95, 8, 4, 2.44140625E-4, 0.6210648423276639
0.95, 8, 4, 2.44140625E-4, 0.6210648423276639
0.96, 8, 4, 2.44140625E-4, 0.6210648423276639
0.93, 8, 4, 2.44140625E-4, 0.6210648423276639
0.94, 8, 4, 2.44140625E-4, 0.6210648423276639
0.95, 8, 4, 2.44140625E-4, 0.6210648423276639
0.96, 8, 4, 2.44140625E-4, 0.6210648423276639
0.95, 8, 4, 2.44140625E-4, 0.6210648423276639
0.96, 8, 4, 2.44140625E-4, 0.6210648423276639
1.11, 8, 5, 3.0517578125E-5, 0.6211975484905544
1.09, 8, 5, 3.0517578125E-5, 0.6211975484905544
1.09, 8, 5, 3.0517578125E-5, 0.6211975484905544
1.06, 8, 5, 3.0517578125E-5, 0.6211975484905544
1.08, 8, 5, 3.0517578125E-5, 0.6211975484905544
1.06, 8, 5, 3.0517578125E-5, 0.6211975484905544
1.07, 8, 5, 3.0517578125E-5, 0.6211975484905544
1.08, 8, 5, 3.0517578125E-5, 0.6211975484905544
1.08, 8, 5, 3.0517578125E-5, 0.6211975484905544
1.08, 8, 5, 3.0517578125E-5, 0.6211975484905544
1.25, 8, 6, 3.814697265625E-6, 0.6212141367609156
1.24, 8, 6, 3.814697265625E-6, 0.6212141367609156
1.25, 8, 6, 3.814697265625E-6, 0.6212141367609156
1.24, 8, 6, 3.814697265625E-6, 0.6212141367609156
1.27, 8, 6, 3.814697265625E-6, 0.6212141367609156
1.25, 8, 6, 3.814697265625E-6, 0.6212141367609156
1.25, 8, 6, 3.814697265625E-6, 0.6212141367609156
1.24, 8, 6, 3.814697265625E-6, 0.6212141367609156
1.27, 8, 6, 3.814697265625E-6, 0.6212141367609156
1.25, 8, 6, 3.814697265625E-6, 0.6212141367609156
1.46, 8, 7, 4.76837158203125E-7, 0.6212162102947109
1.43, 8, 7, 4.76837158203125E-7, 0.6212162102947109
1.46, 8, 7, 4.76837158203125E-7, 0.6212162102947109
1.47, 8, 7, 4.76837158203125E-7, 0.6212162102947109
1.45, 8, 7, 4.76837158203125E-7, 0.6212162102947109
1.44, 8, 7, 4.76837158203125E-7, 0.6212162102947109
1.44, 8, 7, 4.76837158203125E-7, 0.6212162102947109
1.43, 8, 7, 4.76837158203125E-7, 0.6212162102947109
1.43, 8, 7, 4.76837158203125E-7, 0.6212162102947109
1.42, 8, 7, 4.76837158203125E-7, 0.6212162102947109
1.66, 8, 8, 5.9604644775390625E-8, 0.6212164694864353
1.81, 8, 8, 5.9604644775390625E-8, 0.6212164694864353
1.66, 8, 8, 5.9604644775390625E-8, 0.6212164694864353
1.66, 8, 8, 5.9604644775390625E-8, 0.6212164694864353
1.69, 8, 8, 5.9604644775390625E-8, 0.6212164694864353
1.67, 8, 8, 5.9604644775390625E-8, 0.6212164694864353
1.67, 8, 8, 5.9604644775390625E-8, 0.6212164694864353
1.64, 8, 8, 5.9604644775390625E-8, 0.6212164694864353
1.64, 8, 8, 5.9604644775390625E-8, 0.6212164694864353
1.71, 8, 8, 5.9604644775390625E-8, 0.6212164694864353
1.85, 8, 9, 7.450580596923828E-9, 0.6212165018854007
1.88, 8, 9, 7.450580596923828E-9, 0.6212165018854007
1.85, 8, 9, 7.450580596923828E-9, 0.6212165018854007
1.85, 8, 9, 7.450580596923828E-9, 0.6212165018854007
1.84, 8, 9, 7.450580596923828E-9, 0.6212165018854007
1.84, 8, 9, 7.450580596923828E-9, 0.6212165018854007
1.87, 8, 9, 7.450580596923828E-9, 0.6212165018854007
1.84, 8, 9, 7.450580596923828E-9, 0.6212165018854007
1.85, 8, 9, 7.450580596923828E-9, 0.6212165018854007
1.90, 8, 9, 7.450580596923828E-9, 0.6212165018854007
2.04, 8, 10, 9.313225746154785E-10, 0.6212165059352714
2.04, 8, 10, 9.313225746154785E-10, 0.6212165059352714
2.05, 8, 10, 9.313225746154785E-10, 0.6212165059352714
2.04, 8, 10, 9.313225746154785E-10, 0.6212165059352714
2.02, 8, 10, 9.313225746154785E-10, 0.6212165059352714
2.01, 8, 10, 9.313225746154785E-10, 0.6212165059352714
2.04, 8, 10, 9.313225746154785E-10, 0.6212165059352714
2.03, 8, 10, 9.313225746154785E-10, 0.6212165059352714
2.03, 8, 10, 9.313225746154785E-10, 0.6212165059352714
2.05, 8, 10, 9.313225746154785E-10, 0.6212165059352714
2.27, 8, 11, 1.1641532182693481E-10, 0.6212165064415053
2.32, 8, 11, 1.1641532182693481E-10, 0.6212165064415053
2.25, 8, 11, 1.1641532182693481E-10, 0.6212165064415053
2.43, 8, 11, 1.1641532182693481E-10, 0.6212165064415053
2.32, 8, 11, 1.1641532182693481E-10, 0.6212165064415053
2.28, 8, 11, 1.1641532182693481E-10, 0.6212165064415053
2.32, 8, 11, 1.1641532182693481E-10, 0.6212165064415053
2.31, 8, 11, 1.1641532182693481E-10, 0.6212165064415053
2.33, 8, 11, 1.1641532182693481E-10, 0.6212165064415053
2.29, 8, 11, 1.1641532182693481E-10, 0.6212165064415053
2.53, 8, 12, 1.4551915228366852E-11, 0.6212165065047845
2.56, 8, 12, 1.4551915228366852E-11, 0.6212165065047845
2.58, 8, 12, 1.4551915228366852E-11, 0.6212165065047845
2.63, 8, 12, 1.4551915228366852E-11, 0.6212165065047845
2.58, 8, 12, 1.4551915228366852E-11, 0.6212165065047845
2.63, 8, 12, 1.4551915228366852E-11, 0.6212165065047845
2.55, 8, 12, 1.4551915228366852E-11, 0.6212165065047845
2.56, 8, 12, 1.4551915228366852E-11, 0.6212165065047845
2.62, 8, 12, 1.4551915228366852E-11, 0.6212165065047845
2.58, 8, 12, 1.4551915228366852E-11, 0.6212165065047845
2.81, 8, 13, 1.8189894035458565E-12, 0.6212165065126946
2.82, 8, 13, 1.8189894035458565E-12, 0.6212165065126946
2.86, 8, 13, 1.8189894035458565E-12, 0.6212165065126946
2.82, 8, 13, 1.8189894035458565E-12, 0.6212165065126946
2.83, 8, 13, 1.8189894035458565E-12, 0.6212165065126946
2.87, 8, 13, 1.8189894035458565E-12, 0.6212165065126946
2.93, 8, 13, 1.8189894035458565E-12, 0.6212165065126946
2.85, 8, 13, 1.8189894035458565E-12, 0.6212165065126946
2.82, 8, 13, 1.8189894035458565E-12, 0.6212165065126946
2.81, 8, 13, 1.8189894035458565E-12, 0.6212165065126946
3.22, 8, 14, 2.2737367544323206E-13, 0.6212165065136832
3.22, 8, 14, 2.2737367544323206E-13, 0.6212165065136832
3.20, 8, 14, 2.2737367544323206E-13, 0.6212165065136832
3.17, 8, 14, 2.2737367544323206E-13, 0.6212165065136832
3.20, 8, 14, 2.2737367544323206E-13, 0.6212165065136832
3.09, 8, 14, 2.2737367544323206E-13, 0.6212165065136832
3.14, 8, 14, 2.2737367544323206E-13, 0.6212165065136832
3.13, 8, 14, 2.2737367544323206E-13, 0.6212165065136832
3.15, 8, 14, 2.2737367544323206E-13, 0.6212165065136832
3.20, 8, 14, 2.2737367544323206E-13, 0.6212165065136832
3.51, 8, 15, 2.8421709430404007E-14, 0.6212165065138068
3.48, 8, 15, 2.8421709430404007E-14, 0.6212165065138068
3.46, 8, 15, 2.8421709430404007E-14, 0.6212165065138068
3.51, 8, 15, 2.8421709430404007E-14, 0.6212165065138068
3.52, 8, 15, 2.8421709430404007E-14, 0.6212165065138068
3.61, 8, 15, 2.8421709430404007E-14, 0.6212165065138068
3.49, 8, 15, 2.8421709430404007E-14, 0.6212165065138068
3.47, 8, 15, 2.8421709430404007E-14, 0.6212165065138068
3.49, 8, 15, 2.8421709430404007E-14, 0.6212165065138068
3.48, 8, 15, 2.8421709430404007E-14, 0.6212165065138068
3.81, 8, 16, 3.552713678800501E-15, 0.6212165065138222
3.83, 8, 16, 3.552713678800501E-15, 0.6212165065138222
3.89, 8, 16, 3.552713678800501E-15, 0.6212165065138222
3.81, 8, 16, 3.552713678800501E-15, 0.6212165065138222
3.84, 8, 16, 3.552713678800501E-15, 0.6212165065138222
3.85, 8, 16, 3.552713678800501E-15, 0.6212165065138222
3.82, 8, 16, 3.552713678800501E-15, 0.6212165065138222
3.84, 8, 16, 3.552713678800501E-15, 0.6212165065138222
3.83, 8, 16, 3.552713678800501E-15, 0.6212165065138222
3.80, 8, 16, 3.552713678800501E-15, 0.6212165065138222
4.21, 8, 17, 4.440892098500626E-16, 0.6212165065138242
4.36, 8, 17, 4.440892098500626E-16, 0.6212165065138242
4.19, 8, 17, 4.440892098500626E-16, 0.6212165065138242
4.22, 8, 17, 4.440892098500626E-16, 0.6212165065138242
4.20, 8, 17, 4.440892098500626E-16, 0.6212165065138242
4.24, 8, 17, 4.440892098500626E-16, 0.6212165065138242
4.20, 8, 17, 4.440892098500626E-16, 0.6212165065138242
4.23, 8, 17, 4.440892098500626E-16, 0.6212165065138242
4.22, 8, 17, 4.440892098500626E-16, 0.6212165065138242
4.27, 8, 17, 4.440892098500626E-16, 0.6212165065138242
4.62, 8, 18, 5.551115123125783E-17, 0.6212165065138244
4.67, 8, 18, 5.551115123125783E-17, 0.6212165065138244
4.72, 8, 18, 5.551115123125783E-17, 0.6212165065138244
4.66, 8, 18, 5.551115123125783E-17, 0.6212165065138244
4.91, 8, 18, 5.551115123125783E-17, 0.6212165065138244
4.66, 8, 18, 5.551115123125783E-17, 0.6212165065138244
4.67, 8, 18, 5.551115123125783E-17, 0.6212165065138244
4.70, 8, 18, 5.551115123125783E-17, 0.6212165065138244
4.62, 8, 18, 5.551115123125783E-17, 0.6212165065138244
4.63, 8, 18, 5.551115123125783E-17, 0.6212165065138244
5.24, 8, 19, 6.938893903907228E-18, 0.6212165065138245
5.23, 8, 19, 6.938893903907228E-18, 0.6212165065138245
5.22, 8, 19, 6.938893903907228E-18, 0.6212165065138245
5.19, 8, 19, 6.938893903907228E-18, 0.6212165065138245
5.25, 8, 19, 6.938893903907228E-18, 0.6212165065138245
5.27, 8, 19, 6.938893903907228E-18, 0.6212165065138245
5.24, 8, 19, 6.938893903907228E-18, 0.6212165065138245
5.21, 8, 19, 6.938893903907228E-18, 0.6212165065138245
5.22, 8, 19, 6.938893903907228E-18, 0.6212165065138245
5.23, 8, 19, 6.938893903907228E-18, 0.6212165065138245
5.81, 8, 20, 8.673617379884035E-19, 0.6212165065138243
5.67, 8, 20, 8.673617379884035E-19, 0.6212165065138243
5.84, 8, 20, 8.673617379884035E-19, 0.6212165065138243
5.56, 8, 20, 8.673617379884035E-19, 0.6212165065138243
5.66, 8, 20, 8.673617379884035E-19, 0.6212165065138243
5.61, 8, 20, 8.673617379884035E-19, 0.6212165065138243
5.59, 8, 20, 8.673617379884035E-19, 0.6212165065138243
5.83, 8, 20, 8.673617379884035E-19, 0.6212165065138243
5.64, 8, 20, 8.673617379884035E-19, 0.6212165065138243
5.62, 8, 20, 8.673617379884035E-19, 0.6212165065138243
0.68, 16, 1, 0.0625, 0.3372900666170139
0.69, 16, 1, 0.0625, 0.3372900666170139
0.70, 16, 1, 0.0625, 0.3372900666170139
0.68, 16, 1, 0.0625, 0.3372900666170139
0.68, 16, 1, 0.0625, 0.3372900666170139
0.68, 16, 1, 0.0625, 0.3372900666170139
0.70, 16, 1, 0.0625, 0.3372900666170139
0.68, 16, 1, 0.0625, 0.3372900666170139
0.70, 16, 1, 0.0625, 0.3372900666170139
0.68, 16, 1, 0.0625, 0.3372900666170139
0.75, 16, 2, 0.00390625, 0.35837069578057723
0.77, 16, 2, 0.00390625, 0.35837069578057723
0.78, 16, 2, 0.00390625, 0.35837069578057723
0.77, 16, 2, 0.00390625, 0.35837069578057723
0.76, 16, 2, 0.00390625, 0.35837069578057723
0.78, 16, 2, 0.00390625, 0.35837069578057723
0.77, 16, 2, 0.00390625, 0.35837069578057723
0.75, 16, 2, 0.00390625, 0.35837069578057723
0.77, 16, 2, 0.00390625, 0.35837069578057723
0.77, 16, 2, 0.00390625, 0.35837069578057723
0.83, 16, 3, 2.44140625E-4, 0.35968823510329995
0.86, 16, 3, 2.44140625E-4, 0.35968823510329995
0.85, 16, 3, 2.44140625E-4, 0.35968823510329995
0.83, 16, 3, 2.44140625E-4, 0.35968823510329995
0.86, 16, 3, 2.44140625E-4, 0.35968823510329995
0.85, 16, 3, 2.44140625E-4, 0.35968823510329995
0.83, 16, 3, 2.44140625E-4, 0.35968823510329995
0.85, 16, 3, 2.44140625E-4, 0.35968823510329995
0.87, 16, 3, 2.44140625E-4, 0.35968823510329995
0.83, 16, 3, 2.44140625E-4, 0.35968823510329995
0.96, 16, 4, 1.52587890625E-5, 0.3597705813109701
0.93, 16, 4, 1.52587890625E-5, 0.3597705813109701
0.97, 16, 4, 1.52587890625E-5, 0.3597705813109701
0.97, 16, 4, 1.52587890625E-5, 0.3597705813109701
0.96, 16, 4, 1.52587890625E-5, 0.3597705813109701
0.96, 16, 4, 1.52587890625E-5, 0.3597705813109701
0.96, 16, 4, 1.52587890625E-5, 0.3597705813109701
0.95, 16, 4, 1.52587890625E-5, 0.3597705813109701
0.95, 16, 4, 1.52587890625E-5, 0.3597705813109701
0.95, 16, 4, 1.52587890625E-5, 0.3597705813109701
1.07, 16, 5, 9.5367431640625E-7, 0.35977572794894946
1.07, 16, 5, 9.5367431640625E-7, 0.35977572794894946
1.07, 16, 5, 9.5367431640625E-7, 0.35977572794894946
1.08, 16, 5, 9.5367431640625E-7, 0.35977572794894946
1.06, 16, 5, 9.5367431640625E-7, 0.35977572794894946
1.07, 16, 5, 9.5367431640625E-7, 0.35977572794894946
1.06, 16, 5, 9.5367431640625E-7, 0.35977572794894946
1.08, 16, 5, 9.5367431640625E-7, 0.35977572794894946
1.08, 16, 5, 9.5367431640625E-7, 0.35977572794894946
1.08, 16, 5, 9.5367431640625E-7, 0.35977572794894946
1.24, 16, 6, 5.9604644775390625E-8, 0.3597760496138232
1.25, 16, 6, 5.9604644775390625E-8, 0.3597760496138232
1.37, 16, 6, 5.9604644775390625E-8, 0.3597760496138232
1.26, 16, 6, 5.9604644775390625E-8, 0.3597760496138232
1.26, 16, 6, 5.9604644775390625E-8, 0.3597760496138232
1.26, 16, 6, 5.9604644775390625E-8, 0.3597760496138232
1.24, 16, 6, 5.9604644775390625E-8, 0.3597760496138232
1.25, 16, 6, 5.9604644775390625E-8, 0.3597760496138232
1.26, 16, 6, 5.9604644775390625E-8, 0.3597760496138232
1.29, 16, 6, 5.9604644775390625E-8, 0.3597760496138232
1.43, 16, 7, 3.725290298461914E-9, 0.3597760697178778
1.44, 16, 7, 3.725290298461914E-9, 0.3597760697178778
1.46, 16, 7, 3.725290298461914E-9, 0.3597760697178778
1.48, 16, 7, 3.725290298461914E-9, 0.3597760697178778
1.43, 16, 7, 3.725290298461914E-9, 0.3597760697178778
1.46, 16, 7, 3.725290298461914E-9, 0.3597760697178778
1.47, 16, 7, 3.725290298461914E-9, 0.3597760697178778
1.47, 16, 7, 3.725290298461914E-9, 0.3597760697178778
1.47, 16, 7, 3.725290298461914E-9, 0.3597760697178778
1.46, 16, 7, 3.725290298461914E-9, 0.3597760697178778
1.65, 16, 8, 2.3283064365386963E-10, 0.3597760709743812
1.67, 16, 8, 2.3283064365386963E-10, 0.3597760709743812
1.64, 16, 8, 2.3283064365386963E-10, 0.3597760709743812
1.66, 16, 8, 2.3283064365386963E-10, 0.3597760709743812
1.67, 16, 8, 2.3283064365386963E-10, 0.3597760709743812
1.68, 16, 8, 2.3283064365386963E-10, 0.3597760709743812
1.63, 16, 8, 2.3283064365386963E-10, 0.3597760709743812
1.63, 16, 8, 2.3283064365386963E-10, 0.3597760709743812
1.66, 16, 8, 2.3283064365386963E-10, 0.3597760709743812
1.66, 16, 8, 2.3283064365386963E-10, 0.3597760709743812
1.84, 16, 9, 1.4551915228366852E-11, 0.3597760710529127
1.87, 16, 9, 1.4551915228366852E-11, 0.3597760710529127
1.85, 16, 9, 1.4551915228366852E-11, 0.3597760710529127
1.86, 16, 9, 1.4551915228366852E-11, 0.3597760710529127
1.89, 16, 9, 1.4551915228366852E-11, 0.3597760710529127
1.86, 16, 9, 1.4551915228366852E-11, 0.3597760710529127
1.88, 16, 9, 1.4551915228366852E-11, 0.3597760710529127
1.91, 16, 9, 1.4551915228366852E-11, 0.3597760710529127
1.88, 16, 9, 1.4551915228366852E-11, 0.3597760710529127
1.85, 16, 9, 1.4551915228366852E-11, 0.3597760710529127
2.13, 16, 10, 9.094947017729282E-13, 0.35977607105782095
2.04, 16, 10, 9.094947017729282E-13, 0.35977607105782095
2.04, 16, 10, 9.094947017729282E-13, 0.35977607105782095
2.06, 16, 10, 9.094947017729282E-13, 0.35977607105782095
2.03, 16, 10, 9.094947017729282E-13, 0.35977607105782095
2.05, 16, 10, 9.094947017729282E-13, 0.35977607105782095
2.03, 16, 10, 9.094947017729282E-13, 0.35977607105782095
2.04, 16, 10, 9.094947017729282E-13, 0.35977607105782095
2.03, 16, 10, 9.094947017729282E-13, 0.35977607105782095
2.03, 16, 10, 9.094947017729282E-13, 0.35977607105782095
2.34, 16, 11, 5.6843418860808015E-14, 0.35977607105812764
2.28, 16, 11, 5.6843418860808015E-14, 0.35977607105812764
2.28, 16, 11, 5.6843418860808015E-14, 0.35977607105812764
2.34, 16, 11, 5.6843418860808015E-14, 0.35977607105812764
2.32, 16, 11, 5.6843418860808015E-14, 0.35977607105812764
2.34, 16, 11, 5.6843418860808015E-14, 0.35977607105812764
2.34, 16, 11, 5.6843418860808015E-14, 0.35977607105812764
2.28, 16, 11, 5.6843418860808015E-14, 0.35977607105812764
2.30, 16, 11, 5.6843418860808015E-14, 0.35977607105812764
2.34, 16, 11, 5.6843418860808015E-14, 0.35977607105812764
2.56, 16, 12, 3.552713678800501E-15, 0.35977607105814685
2.57, 16, 12, 3.552713678800501E-15, 0.35977607105814685
2.60, 16, 12, 3.552713678800501E-15, 0.35977607105814685
2.58, 16, 12, 3.552713678800501E-15, 0.35977607105814685
2.59, 16, 12, 3.552713678800501E-15, 0.35977607105814685
2.58, 16, 12, 3.552713678800501E-15, 0.35977607105814685
2.70, 16, 12, 3.552713678800501E-15, 0.35977607105814685
2.57, 16, 12, 3.552713678800501E-15, 0.35977607105814685
2.56, 16, 12, 3.552713678800501E-15, 0.35977607105814685
2.59, 16, 12, 3.552713678800501E-15, 0.35977607105814685
2.89, 16, 13, 2.220446049250313E-16, 0.359776071058148
2.85, 16, 13, 2.220446049250313E-16, 0.359776071058148
2.81, 16, 13, 2.220446049250313E-16, 0.359776071058148
2.86, 16, 13, 2.220446049250313E-16, 0.359776071058148
2.87, 16, 13, 2.220446049250313E-16, 0.359776071058148
2.84, 16, 13, 2.220446049250313E-16, 0.359776071058148
2.87, 16, 13, 2.220446049250313E-16, 0.359776071058148
2.86, 16, 13, 2.220446049250313E-16, 0.359776071058148
2.88, 16, 13, 2.220446049250313E-16, 0.359776071058148
2.82, 16, 13, 2.220446049250313E-16, 0.359776071058148
3.37, 16, 14, 1.3877787807814457E-17, 0.35977607105814813
3.14, 16, 14, 1.3877787807814457E-17, 0.35977607105814813
3.21, 16, 14, 1.3877787807814457E-17, 0.35977607105814813
3.26, 16, 14, 1.3877787807814457E-17, 0.35977607105814813
3.18, 16, 14, 1.3877787807814457E-17, 0.35977607105814813
3.13, 16, 14, 1.3877787807814457E-17, 0.35977607105814813
3.37, 16, 14, 1.3877787807814457E-17, 0.35977607105814813
3.24, 16, 14, 1.3877787807814457E-17, 0.35977607105814813
3.16, 16, 14, 1.3877787807814457E-17, 0.35977607105814813
3.27, 16, 14, 1.3877787807814457E-17, 0.35977607105814813
3.48, 16, 15, 8.673617379884035E-19, 0.3597760710581481
3.50, 16, 15, 8.673617379884035E-19, 0.3597760710581481
3.47, 16, 15, 8.673617379884035E-19, 0.3597760710581481
3.52, 16, 15, 8.673617379884035E-19, 0.3597760710581481
3.48, 16, 15, 8.673617379884035E-19, 0.3597760710581481
3.54, 16, 15, 8.673617379884035E-19, 0.3597760710581481
3.50, 16, 15, 8.673617379884035E-19, 0.3597760710581481
3.58, 16, 15, 8.673617379884035E-19, 0.3597760710581481
3.53, 16, 15, 8.673617379884035E-19, 0.3597760710581481
3.48, 16, 15, 8.673617379884035E-19, 0.3597760710581481
3.82, 16, 16, 5.421010862427522E-20, 0.35977607105814813
3.89, 16, 16, 5.421010862427522E-20, 0.35977607105814813
4.02, 16, 16, 5.421010862427522E-20, 0.35977607105814813
4.04, 16, 16, 5.421010862427522E-20, 0.35977607105814813
3.85, 16, 16, 5.421010862427522E-20, 0.35977607105814813
3.97, 16, 16, 5.421010862427522E-20, 0.35977607105814813
3.82, 16, 16, 5.421010862427522E-20, 0.35977607105814813
3.95, 16, 16, 5.421010862427522E-20, 0.35977607105814813
4.00, 16, 16, 5.421010862427522E-20, 0.35977607105814813
3.84, 16, 16, 5.421010862427522E-20, 0.35977607105814813
4.21, 16, 17, 3.3881317890172014E-21, 0.35977607105814813
4.27, 16, 17, 3.3881317890172014E-21, 0.35977607105814813
4.20, 16, 17, 3.3881317890172014E-21, 0.35977607105814813
4.28, 16, 17, 3.3881317890172014E-21, 0.35977607105814813
4.21, 16, 17, 3.3881317890172014E-21, 0.35977607105814813
4.38, 16, 17, 3.3881317890172014E-21, 0.35977607105814813
4.23, 16, 17, 3.3881317890172014E-21, 0.35977607105814813
4.37, 16, 17, 3.3881317890172014E-21, 0.35977607105814813
4.53, 16, 17, 3.3881317890172014E-21, 0.35977607105814813
4.32, 16, 17, 3.3881317890172014E-21, 0.35977607105814813
4.80, 16, 18, 2.1175823681357508E-22, 0.3597760710581481
4.76, 16, 18, 2.1175823681357508E-22, 0.3597760710581481
4.85, 16, 18, 2.1175823681357508E-22, 0.3597760710581481
4.86, 16, 18, 2.1175823681357508E-22, 0.3597760710581481
4.78, 16, 18, 2.1175823681357508E-22, 0.3597760710581481
4.75, 16, 18, 2.1175823681357508E-22, 0.3597760710581481
4.95, 16, 18, 2.1175823681357508E-22, 0.3597760710581481
4.78, 16, 18, 2.1175823681357508E-22, 0.3597760710581481
4.80, 16, 18, 2.1175823681357508E-22, 0.3597760710581481
4.80, 16, 18, 2.1175823681357508E-22, 0.3597760710581481
5.47, 16, 19, 1.3234889800848443E-23, 0.35977607105814813
5.18, 16, 19, 1.3234889800848443E-23, 0.35977607105814813
5.34, 16, 19, 1.3234889800848443E-23, 0.35977607105814813
5.34, 16, 19, 1.3234889800848443E-23, 0.35977607105814813
5.34, 16, 19, 1.3234889800848443E-23, 0.35977607105814813
5.31, 16, 19, 1.3234889800848443E-23, 0.35977607105814813
5.43, 16, 19, 1.3234889800848443E-23, 0.35977607105814813
5.31, 16, 19, 1.3234889800848443E-23, 0.35977607105814813
5.29, 16, 19, 1.3234889800848443E-23, 0.35977607105814813
5.33, 16, 19, 1.3234889800848443E-23, 0.35977607105814813
5.81, 16, 20, 8.271806125530277E-25, 0.3597760710581481
6.04, 16, 20, 8.271806125530277E-25, 0.3597760710581481
5.90, 16, 20, 8.271806125530277E-25, 0.3597760710581481
5.81, 16, 20, 8.271806125530277E-25, 0.3597760710581481
5.90, 16, 20, 8.271806125530277E-25, 0.3597760710581481
5.91, 16, 20, 8.271806125530277E-25, 0.3597760710581481
5.86, 16, 20, 8.271806125530277E-25, 0.3597760710581481
5.72, 16, 20, 8.271806125530277E-25, 0.3597760710581481
5.85, 16, 20, 8.271806125530277E-25, 0.3597760710581481
5.80, 16, 20, 8.271806125530277E-25, 0.3597760710581481
0.70, 32, 1, 0.03125, 0.20062232431271465
0.68, 32, 1, 0.03125, 0.20062232431271465
0.69, 32, 1, 0.03125, 0.20062232431271465
0.69, 32, 1, 0.03125, 0.20062232431271465
0.69, 32, 1, 0.03125, 0.20062232431271465
0.70, 32, 1, 0.03125, 0.20062232431271465
0.68, 32, 1, 0.03125, 0.20062232431271465
0.70, 32, 1, 0.03125, 0.20062232431271465
0.68, 32, 1, 0.03125, 0.20062232431271465
0.69, 32, 1, 0.03125, 0.20062232431271465
0.76, 32, 2, 9.765625E-4, 0.20689177194748698
0.78, 32, 2, 9.765625E-4, 0.20689177194748698
0.76, 32, 2, 9.765625E-4, 0.20689177194748698
0.77, 32, 2, 9.765625E-4, 0.20689177194748698
0.76, 32, 2, 9.765625E-4, 0.20689177194748698
0.75, 32, 2, 9.765625E-4, 0.20689177194748698
0.77, 32, 2, 9.765625E-4, 0.20689177194748698
0.83, 32, 2, 9.765625E-4, 0.20689177194748698
0.76, 32, 2, 9.765625E-4, 0.20689177194748698
0.76, 32, 2, 9.765625E-4, 0.20689177194748698
0.87, 32, 3, 3.0517578125E-5, 0.2070876921860736
0.84, 32, 3, 3.0517578125E-5, 0.2070876921860736
0.84, 32, 3, 3.0517578125E-5, 0.2070876921860736
0.87, 32, 3, 3.0517578125E-5, 0.2070876921860736
0.85, 32, 3, 3.0517578125E-5, 0.2070876921860736
0.82, 32, 3, 3.0517578125E-5, 0.2070876921860736
0.85, 32, 3, 3.0517578125E-5, 0.2070876921860736
0.85, 32, 3, 3.0517578125E-5, 0.2070876921860736
0.85, 32, 3, 3.0517578125E-5, 0.2070876921860736
0.85, 32, 3, 3.0517578125E-5, 0.2070876921860736
0.95, 32, 4, 9.5367431640625E-7, 0.20709381469352944
0.96, 32, 4, 9.5367431640625E-7, 0.20709381469352944
0.94, 32, 4, 9.5367431640625E-7, 0.20709381469352944
0.96, 32, 4, 9.5367431640625E-7, 0.20709381469352944
0.95, 32, 4, 9.5367431640625E-7, 0.20709381469352944
0.95, 32, 4, 9.5367431640625E-7, 0.20709381469352944
0.94, 32, 4, 9.5367431640625E-7, 0.20709381469352944
0.94, 32, 4, 9.5367431640625E-7, 0.20709381469352944
0.97, 32, 4, 9.5367431640625E-7, 0.20709381469352944
0.95, 32, 4, 9.5367431640625E-7, 0.20709381469352944
1.09, 32, 5, 2.9802322387695312E-8, 0.2070940060218874
1.07, 32, 5, 2.9802322387695312E-8, 0.2070940060218874
1.07, 32, 5, 2.9802322387695312E-8, 0.2070940060218874
1.09, 32, 5, 2.9802322387695312E-8, 0.2070940060218874
1.09, 32, 5, 2.9802322387695312E-8, 0.2070940060218874
1.08, 32, 5, 2.9802322387695312E-8, 0.2070940060218874
1.08, 32, 5, 2.9802322387695312E-8, 0.2070940060218874
1.07, 32, 5, 2.9802322387695312E-8, 0.2070940060218874
1.08, 32, 5, 2.9802322387695312E-8, 0.2070940060218874
1.07, 32, 5, 2.9802322387695312E-8, 0.2070940060218874
1.26, 32, 6, 9.313225746154785E-10, 0.2070940120008986
1.26, 32, 6, 9.313225746154785E-10, 0.2070940120008986
1.30, 32, 6, 9.313225746154785E-10, 0.2070940120008986
1.27, 32, 6, 9.313225746154785E-10, 0.2070940120008986
1.26, 32, 6, 9.313225746154785E-10, 0.2070940120008986
1.26, 32, 6, 9.313225746154785E-10, 0.2070940120008986
1.25, 32, 6, 9.313225746154785E-10, 0.2070940120008986
1.24, 32, 6, 9.313225746154785E-10, 0.2070940120008986
1.27, 32, 6, 9.313225746154785E-10, 0.2070940120008986
1.27, 32, 6, 9.313225746154785E-10, 0.2070940120008986
1.49, 32, 7, 2.9103830456733704E-11, 0.2070940121877427
1.45, 32, 7, 2.9103830456733704E-11, 0.2070940121877427
1.45, 32, 7, 2.9103830456733704E-11, 0.2070940121877427
1.45, 32, 7, 2.9103830456733704E-11, 0.2070940121877427
1.43, 32, 7, 2.9103830456733704E-11, 0.2070940121877427
1.48, 32, 7, 2.9103830456733704E-11, 0.2070940121877427
1.42, 32, 7, 2.9103830456733704E-11, 0.2070940121877427
1.47, 32, 7, 2.9103830456733704E-11, 0.2070940121877427
1.47, 32, 7, 2.9103830456733704E-11, 0.2070940121877427
1.41, 32, 7, 2.9103830456733704E-11, 0.2070940121877427
1.81, 32, 8, 9.094947017729282E-13, 0.2070940121935816
1.67, 32, 8, 9.094947017729282E-13, 0.2070940121935816
1.66, 32, 8, 9.094947017729282E-13, 0.2070940121935816
1.66, 32, 8, 9.094947017729282E-13, 0.2070940121935816
1.64, 32, 8, 9.094947017729282E-13, 0.2070940121935816
1.66, 32, 8, 9.094947017729282E-13, 0.2070940121935816
1.64, 32, 8, 9.094947017729282E-13, 0.2070940121935816
1.67, 32, 8, 9.094947017729282E-13, 0.2070940121935816
1.64, 32, 8, 9.094947017729282E-13, 0.2070940121935816
1.67, 32, 8, 9.094947017729282E-13, 0.2070940121935816
1.91, 32, 9, 2.8421709430404007E-14, 0.20709401219376405
1.88, 32, 9, 2.8421709430404007E-14, 0.20709401219376405
1.88, 32, 9, 2.8421709430404007E-14, 0.20709401219376405
1.90, 32, 9, 2.8421709430404007E-14, 0.20709401219376405
1.84, 32, 9, 2.8421709430404007E-14, 0.20709401219376405
1.85, 32, 9, 2.8421709430404007E-14, 0.20709401219376405
1.87, 32, 9, 2.8421709430404007E-14, 0.20709401219376405
1.85, 32, 9, 2.8421709430404007E-14, 0.20709401219376405
1.87, 32, 9, 2.8421709430404007E-14, 0.20709401219376405
1.84, 32, 9, 2.8421709430404007E-14, 0.20709401219376405
2.03, 32, 10, 8.881784197001252E-16, 0.20709401219376974
2.10, 32, 10, 8.881784197001252E-16, 0.20709401219376974
2.05, 32, 10, 8.881784197001252E-16, 0.20709401219376974
2.03, 32, 10, 8.881784197001252E-16, 0.20709401219376974
2.06, 32, 10, 8.881784197001252E-16, 0.20709401219376974
2.05, 32, 10, 8.881784197001252E-16, 0.20709401219376974
2.04, 32, 10, 8.881784197001252E-16, 0.20709401219376974
2.04, 32, 10, 8.881784197001252E-16, 0.20709401219376974
2.05, 32, 10, 8.881784197001252E-16, 0.20709401219376974
2.03, 32, 10, 8.881784197001252E-16, 0.20709401219376974
2.36, 32, 11, 2.7755575615628914E-17, 0.20709401219376994
2.25, 32, 11, 2.7755575615628914E-17, 0.20709401219376994
2.42, 32, 11, 2.7755575615628914E-17, 0.20709401219376994
2.30, 32, 11, 2.7755575615628914E-17, 0.20709401219376994
2.36, 32, 11, 2.7755575615628914E-17, 0.20709401219376994
2.33, 32, 11, 2.7755575615628914E-17, 0.20709401219376994
2.31, 32, 11, 2.7755575615628914E-17, 0.20709401219376994
2.29, 32, 11, 2.7755575615628914E-17, 0.20709401219376994
2.33, 32, 11, 2.7755575615628914E-17, 0.20709401219376994
2.37, 32, 11, 2.7755575615628914E-17, 0.20709401219376994
2.59, 32, 12, 8.673617379884035E-19, 0.20709401219376994
2.62, 32, 12, 8.673617379884035E-19, 0.20709401219376994
2.62, 32, 12, 8.673617379884035E-19, 0.20709401219376994
2.56, 32, 12, 8.673617379884035E-19, 0.20709401219376994
2.63, 32, 12, 8.673617379884035E-19, 0.20709401219376994
2.57, 32, 12, 8.673617379884035E-19, 0.20709401219376994
2.58, 32, 12, 8.673617379884035E-19, 0.20709401219376994
2.60, 32, 12, 8.673617379884035E-19, 0.20709401219376994
2.55, 32, 12, 8.673617379884035E-19, 0.20709401219376994
2.59, 32, 12, 8.673617379884035E-19, 0.20709401219376994
2.86, 32, 13, 2.710505431213761E-20, 0.20709401219376994
2.85, 32, 13, 2.710505431213761E-20, 0.20709401219376994
2.84, 32, 13, 2.710505431213761E-20, 0.20709401219376994
2.90, 32, 13, 2.710505431213761E-20, 0.20709401219376994
2.87, 32, 13, 2.710505431213761E-20, 0.20709401219376994
2.96, 32, 13, 2.710505431213761E-20, 0.20709401219376994
2.90, 32, 13, 2.710505431213761E-20, 0.20709401219376994
2.85, 32, 13, 2.710505431213761E-20, 0.20709401219376994
2.85, 32, 13, 2.710505431213761E-20, 0.20709401219376994
2.84, 32, 13, 2.710505431213761E-20, 0.20709401219376994
3.26, 32, 14, 8.470329472543003E-22, 0.20709401219376994
3.15, 32, 14, 8.470329472543003E-22, 0.20709401219376994
3.15, 32, 14, 8.470329472543003E-22, 0.20709401219376994
3.13, 32, 14, 8.470329472543003E-22, 0.20709401219376994
3.17, 32, 14, 8.470329472543003E-22, 0.20709401219376994
3.19, 32, 14, 8.470329472543003E-22, 0.20709401219376994
3.16, 32, 14, 8.470329472543003E-22, 0.20709401219376994
3.19, 32, 14, 8.470329472543003E-22, 0.20709401219376994
3.13, 32, 14, 8.470329472543003E-22, 0.20709401219376994
3.17, 32, 14, 8.470329472543003E-22, 0.20709401219376994
3.49, 32, 15, 2.6469779601696886E-23, 0.2070940121937699
3.48, 32, 15, 2.6469779601696886E-23, 0.2070940121937699
3.47, 32, 15, 2.6469779601696886E-23, 0.2070940121937699
3.53, 32, 15, 2.6469779601696886E-23, 0.2070940121937699
3.63, 32, 15, 2.6469779601696886E-23, 0.2070940121937699
3.47, 32, 15, 2.6469779601696886E-23, 0.2070940121937699
3.56, 32, 15, 2.6469779601696886E-23, 0.2070940121937699
3.50, 32, 15, 2.6469779601696886E-23, 0.2070940121937699
3.45, 32, 15, 2.6469779601696886E-23, 0.2070940121937699
3.51, 32, 15, 2.6469779601696886E-23, 0.2070940121937699
3.80, 32, 16, 8.271806125530277E-25, 0.20709401219376988
3.82, 32, 16, 8.271806125530277E-25, 0.20709401219376988
3.85, 32, 16, 8.271806125530277E-25, 0.20709401219376988
3.91, 32, 16, 8.271806125530277E-25, 0.20709401219376988
3.87, 32, 16, 8.271806125530277E-25, 0.20709401219376988
3.87, 32, 16, 8.271806125530277E-25, 0.20709401219376988
3.89, 32, 16, 8.271806125530277E-25, 0.20709401219376988
3.77, 32, 16, 8.271806125530277E-25, 0.20709401219376988
3.81, 32, 16, 8.271806125530277E-25, 0.20709401219376988
3.95, 32, 16, 8.271806125530277E-25, 0.20709401219376988
4.32, 32, 17, 2.5849394142282115E-26, 0.20709401219376994
4.24, 32, 17, 2.5849394142282115E-26, 0.20709401219376994
4.40, 32, 17, 2.5849394142282115E-26, 0.20709401219376994
4.36, 32, 17, 2.5849394142282115E-26, 0.20709401219376994
4.40, 32, 17, 2.5849394142282115E-26, 0.20709401219376994
4.42, 32, 17, 2.5849394142282115E-26, 0.20709401219376994
4.25, 32, 17, 2.5849394142282115E-26, 0.20709401219376994
4.38, 32, 17, 2.5849394142282115E-26, 0.20709401219376994
4.36, 32, 17, 2.5849394142282115E-26, 0.20709401219376994
4.41, 32, 17, 2.5849394142282115E-26, 0.20709401219376994
4.61, 32, 18, 8.077935669463161E-28, 0.20709401219376988
4.70, 32, 18, 8.077935669463161E-28, 0.20709401219376988
4.65, 32, 18, 8.077935669463161E-28, 0.20709401219376988
4.75, 32, 18, 8.077935669463161E-28, 0.20709401219376988
4.69, 32, 18, 8.077935669463161E-28, 0.20709401219376988
4.67, 32, 18, 8.077935669463161E-28, 0.20709401219376988
4.65, 32, 18, 8.077935669463161E-28, 0.20709401219376988
4.67, 32, 18, 8.077935669463161E-28, 0.20709401219376988
4.67, 32, 18, 8.077935669463161E-28, 0.20709401219376988
4.63, 32, 18, 8.077935669463161E-28, 0.20709401219376988
5.39, 32, 19, 2.5243548967072378E-29, 0.20709401219376994
5.28, 32, 19, 2.5243548967072378E-29, 0.20709401219376994
5.33, 32, 19, 2.5243548967072378E-29, 0.20709401219376994
5.06, 32, 19, 2.5243548967072378E-29, 0.20709401219376994
5.22, 32, 19, 2.5243548967072378E-29, 0.20709401219376994
5.30, 32, 19, 2.5243548967072378E-29, 0.20709401219376994
5.37, 32, 19, 2.5243548967072378E-29, 0.20709401219376994
5.26, 32, 19, 2.5243548967072378E-29, 0.20709401219376994
5.22, 32, 19, 2.5243548967072378E-29, 0.20709401219376994
5.29, 32, 19, 2.5243548967072378E-29, 0.20709401219376994
5.94, 32, 20, 7.888609052210118E-31, 0.20709401219376994
5.73, 32, 20, 7.888609052210118E-31, 0.20709401219376994
5.82, 32, 20, 7.888609052210118E-31, 0.20709401219376994
5.78, 32, 20, 7.888609052210118E-31, 0.20709401219376994
5.92, 32, 20, 7.888609052210118E-31, 0.20709401219376994
5.80, 32, 20, 7.888609052210118E-31, 0.20709401219376994
6.02, 32, 20, 7.888609052210118E-31, 0.20709401219376994
5.95, 32, 20, 7.888609052210118E-31, 0.20709401219376994
5.77, 32, 20, 7.888609052210118E-31, 0.20709401219376994
5.86, 32, 20, 7.888609052210118E-31, 0.20709401219376994
0.70, 64, 1, 0.015625, 0.11611507530476972
0.69, 64, 1, 0.015625, 0.11611507530476972
0.70, 64, 1, 0.015625, 0.11611507530476972
0.68, 64, 1, 0.015625, 0.11611507530476972
0.69, 64, 1, 0.015625, 0.11611507530476972
0.68, 64, 1, 0.015625, 0.11611507530476972
0.70, 64, 1, 0.015625, 0.11611507530476972
0.69, 64, 1, 0.015625, 0.11611507530476972
0.68, 64, 1, 0.015625, 0.11611507530476972
0.70, 64, 1, 0.015625, 0.11611507530476972
0.77, 64, 2, 2.44140625E-4, 0.11792937335640676
0.77, 64, 2, 2.44140625E-4, 0.11792937335640676
0.76, 64, 2, 2.44140625E-4, 0.11792937335640676
0.77, 64, 2, 2.44140625E-4, 0.11792937335640676
0.77, 64, 2, 2.44140625E-4, 0.11792937335640676
0.77, 64, 2, 2.44140625E-4, 0.11792937335640676
0.77, 64, 2, 2.44140625E-4, 0.11792937335640676
0.79, 64, 2, 2.44140625E-4, 0.11792937335640676
0.76, 64, 2, 2.44140625E-4, 0.11792937335640676
0.76, 64, 2, 2.44140625E-4, 0.11792937335640676
0.85, 64, 3, 3.814697265625E-6, 0.11795772176346359
0.83, 64, 3, 3.814697265625E-6, 0.11795772176346359
0.84, 64, 3, 3.814697265625E-6, 0.11795772176346359
0.83, 64, 3, 3.814697265625E-6, 0.11795772176346359
0.84, 64, 3, 3.814697265625E-6, 0.11795772176346359
0.85, 64, 3, 3.814697265625E-6, 0.11795772176346359
0.84, 64, 3, 3.814697265625E-6, 0.11795772176346359
0.85, 64, 3, 3.814697265625E-6, 0.11795772176346359
0.84, 64, 3, 3.814697265625E-6, 0.11795772176346359
0.87, 64, 3, 3.814697265625E-6, 0.11795772176346359
0.95, 64, 4, 5.9604644775390625E-8, 0.11795816470732384
0.96, 64, 4, 5.9604644775390625E-8, 0.11795816470732384
0.94, 64, 4, 5.9604644775390625E-8, 0.11795816470732384
0.95, 64, 4, 5.9604644775390625E-8, 0.11795816470732384
0.96, 64, 4, 5.9604644775390625E-8, 0.11795816470732384
0.96, 64, 4, 5.9604644775390625E-8, 0.11795816470732384
0.96, 64, 4, 5.9604644775390625E-8, 0.11795816470732384
0.97, 64, 4, 5.9604644775390625E-8, 0.11795816470732384
0.94, 64, 4, 5.9604644775390625E-8, 0.11795816470732384
0.95, 64, 4, 5.9604644775390625E-8, 0.11795816470732384
1.08, 64, 5, 9.313225746154785E-10, 0.11795817162832166
1.06, 64, 5, 9.313225746154785E-10, 0.11795817162832166
1.07, 64, 5, 9.313225746154785E-10, 0.11795817162832166
1.08, 64, 5, 9.313225746154785E-10, 0.11795817162832166
1.06, 64, 5, 9.313225746154785E-10, 0.11795817162832166
1.08, 64, 5, 9.313225746154785E-10, 0.11795817162832166
1.15, 64, 5, 9.313225746154785E-10, 0.11795817162832166
1.12, 64, 5, 9.313225746154785E-10, 0.11795817162832166
1.08, 64, 5, 9.313225746154785E-10, 0.11795817162832166
1.08, 64, 5, 9.313225746154785E-10, 0.11795817162832166
1.26, 64, 6, 1.4551915228366852E-11, 0.11795817173646225
1.27, 64, 6, 1.4551915228366852E-11, 0.11795817173646225
1.28, 64, 6, 1.4551915228366852E-11, 0.11795817173646225
1.27, 64, 6, 1.4551915228366852E-11, 0.11795817173646225
1.26, 64, 6, 1.4551915228366852E-11, 0.11795817173646225
1.25, 64, 6, 1.4551915228366852E-11, 0.11795817173646225
1.29, 64, 6, 1.4551915228366852E-11, 0.11795817173646225
1.26, 64, 6, 1.4551915228366852E-11, 0.11795817173646225
1.27, 64, 6, 1.4551915228366852E-11, 0.11795817173646225
1.25, 64, 6, 1.4551915228366852E-11, 0.11795817173646225
1.44, 64, 7, 2.2737367544323206E-13, 0.11795817173815196
1.43, 64, 7, 2.2737367544323206E-13, 0.11795817173815196
1.45, 64, 7, 2.2737367544323206E-13, 0.11795817173815196
1.47, 64, 7, 2.2737367544323206E-13, 0.11795817173815196
1.48, 64, 7, 2.2737367544323206E-13, 0.11795817173815196
1.44, 64, 7, 2.2737367544323206E-13, 0.11795817173815196
1.47, 64, 7, 2.2737367544323206E-13, 0.11795817173815196
1.46, 64, 7, 2.2737367544323206E-13, 0.11795817173815196
1.44, 64, 7, 2.2737367544323206E-13, 0.11795817173815196
1.44, 64, 7, 2.2737367544323206E-13, 0.11795817173815196
1.69, 64, 8, 3.552713678800501E-15, 0.11795817173817835
1.64, 64, 8, 3.552713678800501E-15, 0.11795817173817835
1.70, 64, 8, 3.552713678800501E-15, 0.11795817173817835
1.74, 64, 8, 3.552713678800501E-15, 0.11795817173817835
1.67, 64, 8, 3.552713678800501E-15, 0.11795817173817835
1.64, 64, 8, 3.552713678800501E-15, 0.11795817173817835
1.73, 64, 8, 3.552713678800501E-15, 0.11795817173817835
1.68, 64, 8, 3.552713678800501E-15, 0.11795817173817835
1.63, 64, 8, 3.552713678800501E-15, 0.11795817173817835
1.68, 64, 8, 3.552713678800501E-15, 0.11795817173817835
1.92, 64, 9, 5.551115123125783E-17, 0.11795817173817877
1.86, 64, 9, 5.551115123125783E-17, 0.11795817173817877
1.87, 64, 9, 5.551115123125783E-17, 0.11795817173817877
1.83, 64, 9, 5.551115123125783E-17, 0.11795817173817877
1.84, 64, 9, 5.551115123125783E-17, 0.11795817173817877
1.91, 64, 9, 5.551115123125783E-17, 0.11795817173817877
1.96, 64, 9, 5.551115123125783E-17, 0.11795817173817877
1.89, 64, 9, 5.551115123125783E-17, 0.11795817173817877
1.84, 64, 9, 5.551115123125783E-17, 0.11795817173817877
1.91, 64, 9, 5.551115123125783E-17, 0.11795817173817877
2.06, 64, 10, 8.673617379884035E-19, 0.11795817173817878
2.05, 64, 10, 8.673617379884035E-19, 0.11795817173817878
2.03, 64, 10, 8.673617379884035E-19, 0.11795817173817878
2.05, 64, 10, 8.673617379884035E-19, 0.11795817173817878
2.03, 64, 10, 8.673617379884035E-19, 0.11795817173817878
2.04, 64, 10, 8.673617379884035E-19, 0.11795817173817878
2.03, 64, 10, 8.673617379884035E-19, 0.11795817173817878
2.06, 64, 10, 8.673617379884035E-19, 0.11795817173817878
2.06, 64, 10, 8.673617379884035E-19, 0.11795817173817878
2.04, 64, 10, 8.673617379884035E-19, 0.11795817173817878
2.30, 64, 11, 1.3552527156068805E-20, 0.11795817173817877
2.33, 64, 11, 1.3552527156068805E-20, 0.11795817173817877
2.32, 64, 11, 1.3552527156068805E-20, 0.11795817173817877
2.28, 64, 11, 1.3552527156068805E-20, 0.11795817173817877
2.28, 64, 11, 1.3552527156068805E-20, 0.11795817173817877
2.30, 64, 11, 1.3552527156068805E-20, 0.11795817173817877
2.26, 64, 11, 1.3552527156068805E-20, 0.11795817173817877
2.32, 64, 11, 1.3552527156068805E-20, 0.11795817173817877
2.33, 64, 11, 1.3552527156068805E-20, 0.11795817173817877
2.32, 64, 11, 1.3552527156068805E-20, 0.11795817173817877
2.59, 64, 12, 2.1175823681357508E-22, 0.11795817173817878
2.60, 64, 12, 2.1175823681357508E-22, 0.11795817173817878
2.59, 64, 12, 2.1175823681357508E-22, 0.11795817173817878
2.73, 64, 12, 2.1175823681357508E-22, 0.11795817173817878
2.61, 64, 12, 2.1175823681357508E-22, 0.11795817173817878
2.59, 64, 12, 2.1175823681357508E-22, 0.11795817173817878
2.59, 64, 12, 2.1175823681357508E-22, 0.11795817173817878
2.59, 64, 12, 2.1175823681357508E-22, 0.11795817173817878
2.63, 64, 12, 2.1175823681357508E-22, 0.11795817173817878
2.57, 64, 12, 2.1175823681357508E-22, 0.11795817173817878
2.85, 64, 13, 3.3087224502121107E-24, 0.11795817173817877
2.88, 64, 13, 3.3087224502121107E-24, 0.11795817173817877
2.87, 64, 13, 3.3087224502121107E-24, 0.11795817173817877
2.89, 64, 13, 3.3087224502121107E-24, 0.11795817173817877
2.84, 64, 13, 3.3087224502121107E-24, 0.11795817173817877
2.84, 64, 13, 3.3087224502121107E-24, 0.11795817173817877
2.86, 64, 13, 3.3087224502121107E-24, 0.11795817173817877
2.89, 64, 13, 3.3087224502121107E-24, 0.11795817173817877
2.87, 64, 13, 3.3087224502121107E-24, 0.11795817173817877
2.89, 64, 13, 3.3087224502121107E-24, 0.11795817173817877
3.19, 64, 14, 5.169878828456423E-26, 0.11795817173817878
3.23, 64, 14, 5.169878828456423E-26, 0.11795817173817878
3.19, 64, 14, 5.169878828456423E-26, 0.11795817173817878
3.22, 64, 14, 5.169878828456423E-26, 0.11795817173817878
3.34, 64, 14, 5.169878828456423E-26, 0.11795817173817878
3.23, 64, 14, 5.169878828456423E-26, 0.11795817173817878
3.22, 64, 14, 5.169878828456423E-26, 0.11795817173817878
3.20, 64, 14, 5.169878828456423E-26, 0.11795817173817878
3.16, 64, 14, 5.169878828456423E-26, 0.11795817173817878
3.16, 64, 14, 5.169878828456423E-26, 0.11795817173817878
3.50, 64, 15, 8.077935669463161E-28, 0.11795817173817877
3.54, 64, 15, 8.077935669463161E-28, 0.11795817173817877
3.57, 64, 15, 8.077935669463161E-28, 0.11795817173817877
3.53, 64, 15, 8.077935669463161E-28, 0.11795817173817877
3.48, 64, 15, 8.077935669463161E-28, 0.11795817173817877
3.50, 64, 15, 8.077935669463161E-28, 0.11795817173817877
3.50, 64, 15, 8.077935669463161E-28, 0.11795817173817877
3.48, 64, 15, 8.077935669463161E-28, 0.11795817173817877
3.53, 64, 15, 8.077935669463161E-28, 0.11795817173817877
3.59, 64, 15, 8.077935669463161E-28, 0.11795817173817877
3.81, 64, 16, 1.2621774483536189E-29, 0.11795817173817877
3.93, 64, 16, 1.2621774483536189E-29, 0.11795817173817877
3.82, 64, 16, 1.2621774483536189E-29, 0.11795817173817877
3.84, 64, 16, 1.2621774483536189E-29, 0.11795817173817877
3.86, 64, 16, 1.2621774483536189E-29, 0.11795817173817877
3.85, 64, 16, 1.2621774483536189E-29, 0.11795817173817877
3.84, 64, 16, 1.2621774483536189E-29, 0.11795817173817877
3.88, 64, 16, 1.2621774483536189E-29, 0.11795817173817877
3.85, 64, 16, 1.2621774483536189E-29, 0.11795817173817877
3.88, 64, 16, 1.2621774483536189E-29, 0.11795817173817877
4.25, 64, 17, 1.9721522630525295E-31, 0.11795817173817877
4.28, 64, 17, 1.9721522630525295E-31, 0.11795817173817877
4.27, 64, 17, 1.9721522630525295E-31, 0.11795817173817877
4.24, 64, 17, 1.9721522630525295E-31, 0.11795817173817877
4.24, 64, 17, 1.9721522630525295E-31, 0.11795817173817877
4.22, 64, 17, 1.9721522630525295E-31, 0.11795817173817877
4.35, 64, 17, 1.9721522630525295E-31, 0.11795817173817877
4.38, 64, 17, 1.9721522630525295E-31, 0.11795817173817877
4.28, 64, 17, 1.9721522630525295E-31, 0.11795817173817877
4.26, 64, 17, 1.9721522630525295E-31, 0.11795817173817877
4.66, 64, 18, 3.0814879110195774E-33, 0.11795817173817877
4.86, 64, 18, 3.0814879110195774E-33, 0.11795817173817877
4.70, 64, 18, 3.0814879110195774E-33, 0.11795817173817877
4.65, 64, 18, 3.0814879110195774E-33, 0.11795817173817877
4.71, 64, 18, 3.0814879110195774E-33, 0.11795817173817877
4.70, 64, 18, 3.0814879110195774E-33, 0.11795817173817877
4.65, 64, 18, 3.0814879110195774E-33, 0.11795817173817877
4.67, 64, 18, 3.0814879110195774E-33, 0.11795817173817877
4.74, 64, 18, 3.0814879110195774E-33, 0.11795817173817877
4.81, 64, 18, 3.0814879110195774E-33, 0.11795817173817877
5.34, 64, 19, 4.8148248609680896E-35, 0.11795817173817878
5.26, 64, 19, 4.8148248609680896E-35, 0.11795817173817878
5.35, 64, 19, 4.8148248609680896E-35, 0.11795817173817878
5.29, 64, 19, 4.8148248609680896E-35, 0.11795817173817878
5.32, 64, 19, 4.8148248609680896E-35, 0.11795817173817878
5.32, 64, 19, 4.8148248609680896E-35, 0.11795817173817878
5.30, 64, 19, 4.8148248609680896E-35, 0.11795817173817878
5.34, 64, 19, 4.8148248609680896E-35, 0.11795817173817878
5.30, 64, 19, 4.8148248609680896E-35, 0.11795817173817878
5.24, 64, 19, 4.8148248609680896E-35, 0.11795817173817878
5.70, 64, 20, 7.52316384526264E-37, 0.11795817173817875
5.84, 64, 20, 7.52316384526264E-37, 0.11795817173817875
5.77, 64, 20, 7.52316384526264E-37, 0.11795817173817875
5.60, 64, 20, 7.52316384526264E-37, 0.11795817173817875
5.80, 64, 20, 7.52316384526264E-37, 0.11795817173817875
5.85, 64, 20, 7.52316384526264E-37, 0.11795817173817875
5.73, 64, 20, 7.52316384526264E-37, 0.11795817173817875
5.61, 64, 20, 7.52316384526264E-37, 0.11795817173817875
5.81, 64, 20, 7.52316384526264E-37, 0.11795817173817875
5.72, 64, 20, 7.52316384526264E-37, 0.11795817173817875
0.72, 128, 1, 0.0078125, 0.06591441234324169
0.71, 128, 1, 0.0078125, 0.06591441234324169
0.69, 128, 1, 0.0078125, 0.06591441234324169
0.72, 128, 1, 0.0078125, 0.06591441234324169
0.70, 128, 1, 0.0078125, 0.06591441234324169
0.67, 128, 1, 0.0078125, 0.06591441234324169
0.70, 128, 1, 0.0078125, 0.06591441234324169
0.70, 128, 1, 0.0078125, 0.06591441234324169
0.70, 128, 1, 0.0078125, 0.06591441234324169
0.70, 128, 1, 0.0078125, 0.06591441234324169
0.79, 128, 2, 6.103515625E-5, 0.06642936868967328
0.87, 128, 2, 6.103515625E-5, 0.06642936868967328
0.77, 128, 2, 6.103515625E-5, 0.06642936868967328
0.75, 128, 2, 6.103515625E-5, 0.06642936868967328
0.75, 128, 2, 6.103515625E-5, 0.06642936868967328
0.76, 128, 2, 6.103515625E-5, 0.06642936868967328
0.77, 128, 2, 6.103515625E-5, 0.06642936868967328
0.76, 128, 2, 6.103515625E-5, 0.06642936868967328
0.77, 128, 2, 6.103515625E-5, 0.06642936868967328
0.78, 128, 2, 6.103515625E-5, 0.06642936868967328
0.85, 128, 3, 4.76837158203125E-7, 0.06643339178612977
0.85, 128, 3, 4.76837158203125E-7, 0.06643339178612977
0.84, 128, 3, 4.76837158203125E-7, 0.06643339178612977
0.85, 128, 3, 4.76837158203125E-7, 0.06643339178612977
0.85, 128, 3, 4.76837158203125E-7, 0.06643339178612977
0.84, 128, 3, 4.76837158203125E-7, 0.06643339178612977
0.85, 128, 3, 4.76837158203125E-7, 0.06643339178612977
0.85, 128, 3, 4.76837158203125E-7, 0.06643339178612977
0.85, 128, 3, 4.76837158203125E-7, 0.06643339178612977
0.86, 128, 3, 4.76837158203125E-7, 0.06643339178612977
0.94, 128, 4, 3.725290298461914E-9, 0.06643342321657084
0.94, 128, 4, 3.725290298461914E-9, 0.06643342321657084
0.96, 128, 4, 3.725290298461914E-9, 0.06643342321657084
0.95, 128, 4, 3.725290298461914E-9, 0.06643342321657084
0.95, 128, 4, 3.725290298461914E-9, 0.06643342321657084
0.95, 128, 4, 3.725290298461914E-9, 0.06643342321657084
0.95, 128, 4, 3.725290298461914E-9, 0.06643342321657084
0.96, 128, 4, 3.725290298461914E-9, 0.06643342321657084
0.97, 128, 4, 3.725290298461914E-9, 0.06643342321657084
0.94, 128, 4, 3.725290298461914E-9, 0.06643342321657084
1.07, 128, 5, 2.9103830456733704E-11, 0.06643342346212117
1.08, 128, 5, 2.9103830456733704E-11, 0.06643342346212117
1.07, 128, 5, 2.9103830456733704E-11, 0.06643342346212117
1.06, 128, 5, 2.9103830456733704E-11, 0.06643342346212117
1.07, 128, 5, 2.9103830456733704E-11, 0.06643342346212117
1.08, 128, 5, 2.9103830456733704E-11, 0.06643342346212117
1.09, 128, 5, 2.9103830456733704E-11, 0.06643342346212117
1.07, 128, 5, 2.9103830456733704E-11, 0.06643342346212117
1.08, 128, 5, 2.9103830456733704E-11, 0.06643342346212117
1.07, 128, 5, 2.9103830456733704E-11, 0.06643342346212117
1.26, 128, 6, 2.2737367544323206E-13, 0.06643342346403952
1.25, 128, 6, 2.2737367544323206E-13, 0.06643342346403952
1.25, 128, 6, 2.2737367544323206E-13, 0.06643342346403952
1.27, 128, 6, 2.2737367544323206E-13, 0.06643342346403952
1.27, 128, 6, 2.2737367544323206E-13, 0.06643342346403952
1.26, 128, 6, 2.2737367544323206E-13, 0.06643342346403952
1.26, 128, 6, 2.2737367544323206E-13, 0.06643342346403952
1.24, 128, 6, 2.2737367544323206E-13, 0.06643342346403952
1.22, 128, 6, 2.2737367544323206E-13, 0.06643342346403952
1.28, 128, 6, 2.2737367544323206E-13, 0.06643342346403952
1.46, 128, 7, 1.7763568394002505E-15, 0.06643342346405451
1.44, 128, 7, 1.7763568394002505E-15, 0.06643342346405451
1.45, 128, 7, 1.7763568394002505E-15, 0.06643342346405451
1.47, 128, 7, 1.7763568394002505E-15, 0.06643342346405451
1.43, 128, 7, 1.7763568394002505E-15, 0.06643342346405451
1.43, 128, 7, 1.7763568394002505E-15, 0.06643342346405451
1.47, 128, 7, 1.7763568394002505E-15, 0.06643342346405451
1.47, 128, 7, 1.7763568394002505E-15, 0.06643342346405451
1.54, 128, 7, 1.7763568394002505E-15, 0.06643342346405451
1.49, 128, 7, 1.7763568394002505E-15, 0.06643342346405451
1.68, 128, 8, 1.3877787807814457E-17, 0.06643342346405462
1.66, 128, 8, 1.3877787807814457E-17, 0.06643342346405462
1.71, 128, 8, 1.3877787807814457E-17, 0.06643342346405462
1.67, 128, 8, 1.3877787807814457E-17, 0.06643342346405462
1.69, 128, 8, 1.3877787807814457E-17, 0.06643342346405462
1.66, 128, 8, 1.3877787807814457E-17, 0.06643342346405462
1.65, 128, 8, 1.3877787807814457E-17, 0.06643342346405462
1.71, 128, 8, 1.3877787807814457E-17, 0.06643342346405462
1.66, 128, 8, 1.3877787807814457E-17, 0.06643342346405462
1.66, 128, 8, 1.3877787807814457E-17, 0.06643342346405462
1.89, 128, 9, 1.0842021724855044E-19, 0.06643342346405462
1.87, 128, 9, 1.0842021724855044E-19, 0.06643342346405462
1.85, 128, 9, 1.0842021724855044E-19, 0.06643342346405462
1.85, 128, 9, 1.0842021724855044E-19, 0.06643342346405462
1.91, 128, 9, 1.0842021724855044E-19, 0.06643342346405462
1.86, 128, 9, 1.0842021724855044E-19, 0.06643342346405462
1.88, 128, 9, 1.0842021724855044E-19, 0.06643342346405462
1.87, 128, 9, 1.0842021724855044E-19, 0.06643342346405462
1.85, 128, 9, 1.0842021724855044E-19, 0.06643342346405462
1.91, 128, 9, 1.0842021724855044E-19, 0.06643342346405462
2.06, 128, 10, 8.470329472543003E-22, 0.06643342346405462
2.09, 128, 10, 8.470329472543003E-22, 0.06643342346405462
2.07, 128, 10, 8.470329472543003E-22, 0.06643342346405462
2.08, 128, 10, 8.470329472543003E-22, 0.06643342346405462
2.08, 128, 10, 8.470329472543003E-22, 0.06643342346405462
2.03, 128, 10, 8.470329472543003E-22, 0.06643342346405462
2.05, 128, 10, 8.470329472543003E-22, 0.06643342346405462
2.06, 128, 10, 8.470329472543003E-22, 0.06643342346405462
2.06, 128, 10, 8.470329472543003E-22, 0.06643342346405462
2.06, 128, 10, 8.470329472543003E-22, 0.06643342346405462
2.43, 128, 11, 6.6174449004242214E-24, 0.06643342346405462
2.34, 128, 11, 6.6174449004242214E-24, 0.06643342346405462
2.31, 128, 11, 6.6174449004242214E-24, 0.06643342346405462
2.33, 128, 11, 6.6174449004242214E-24, 0.06643342346405462
2.31, 128, 11, 6.6174449004242214E-24, 0.06643342346405462
2.32, 128, 11, 6.6174449004242214E-24, 0.06643342346405462
2.33, 128, 11, 6.6174449004242214E-24, 0.06643342346405462
2.32, 128, 11, 6.6174449004242214E-24, 0.06643342346405462
2.30, 128, 11, 6.6174449004242214E-24, 0.06643342346405462
2.31, 128, 11, 6.6174449004242214E-24, 0.06643342346405462
2.57, 128, 12, 5.169878828456423E-26, 0.06643342346405463
2.61, 128, 12, 5.169878828456423E-26, 0.06643342346405463
2.61, 128, 12, 5.169878828456423E-26, 0.06643342346405463
2.66, 128, 12, 5.169878828456423E-26, 0.06643342346405463
2.59, 128, 12, 5.169878828456423E-26, 0.06643342346405463
2.65, 128, 12, 5.169878828456423E-26, 0.06643342346405463
2.58, 128, 12, 5.169878828456423E-26, 0.06643342346405463
2.58, 128, 12, 5.169878828456423E-26, 0.06643342346405463
2.61, 128, 12, 5.169878828456423E-26, 0.06643342346405463
2.60, 128, 12, 5.169878828456423E-26, 0.06643342346405463
3.00, 128, 13, 4.0389678347315804E-28, 0.06643342346405462
2.87, 128, 13, 4.0389678347315804E-28, 0.06643342346405462
2.91, 128, 13, 4.0389678347315804E-28, 0.06643342346405462
2.87, 128, 13, 4.0389678347315804E-28, 0.06643342346405462
2.96, 128, 13, 4.0389678347315804E-28, 0.06643342346405462
2.87, 128, 13, 4.0389678347315804E-28, 0.06643342346405462
2.88, 128, 13, 4.0389678347315804E-28, 0.06643342346405462
2.88, 128, 13, 4.0389678347315804E-28, 0.06643342346405462
2.84, 128, 13, 4.0389678347315804E-28, 0.06643342346405462
2.84, 128, 13, 4.0389678347315804E-28, 0.06643342346405462
3.44, 128, 14, 3.1554436208840472E-30, 0.06643342346405462
3.35, 128, 14, 3.1554436208840472E-30, 0.06643342346405462
3.44, 128, 14, 3.1554436208840472E-30, 0.06643342346405462
3.37, 128, 14, 3.1554436208840472E-30, 0.06643342346405462
3.33, 128, 14, 3.1554436208840472E-30, 0.06643342346405462
3.42, 128, 14, 3.1554436208840472E-30, 0.06643342346405462
3.42, 128, 14, 3.1554436208840472E-30, 0.06643342346405462
3.34, 128, 14, 3.1554436208840472E-30, 0.06643342346405462
3.36, 128, 14, 3.1554436208840472E-30, 0.06643342346405462
3.45, 128, 14, 3.1554436208840472E-30, 0.06643342346405462
3.60, 128, 15, 2.465190328815662E-32, 0.06643342346405462
3.67, 128, 15, 2.465190328815662E-32, 0.06643342346405462
3.57, 128, 15, 2.465190328815662E-32, 0.06643342346405462
3.52, 128, 15, 2.465190328815662E-32, 0.06643342346405462
3.72, 128, 15, 2.465190328815662E-32, 0.06643342346405462
3.59, 128, 15, 2.465190328815662E-32, 0.06643342346405462
3.50, 128, 15, 2.465190328815662E-32, 0.06643342346405462
3.53, 128, 15, 2.465190328815662E-32, 0.06643342346405462
3.59, 128, 15, 2.465190328815662E-32, 0.06643342346405462
3.54, 128, 15, 2.465190328815662E-32, 0.06643342346405462
4.07, 128, 16, 1.9259299443872359E-34, 0.06643342346405463
4.04, 128, 16, 1.9259299443872359E-34, 0.06643342346405463
4.01, 128, 16, 1.9259299443872359E-34, 0.06643342346405463
4.04, 128, 16, 1.9259299443872359E-34, 0.06643342346405463
4.00, 128, 16, 1.9259299443872359E-34, 0.06643342346405463
4.07, 128, 16, 1.9259299443872359E-34, 0.06643342346405463
4.11, 128, 16, 1.9259299443872359E-34, 0.06643342346405463
3.89, 128, 16, 1.9259299443872359E-34, 0.06643342346405463
4.15, 128, 16, 1.9259299443872359E-34, 0.06643342346405463
4.07, 128, 16, 1.9259299443872359E-34, 0.06643342346405463
4.48, 128, 17, 1.504632769052528E-36, 0.06643342346405462
4.41, 128, 17, 1.504632769052528E-36, 0.06643342346405462
4.39, 128, 17, 1.504632769052528E-36, 0.06643342346405462
4.42, 128, 17, 1.504632769052528E-36, 0.06643342346405462
4.49, 128, 17, 1.504632769052528E-36, 0.06643342346405462
4.34, 128, 17, 1.504632769052528E-36, 0.06643342346405462
4.42, 128, 17, 1.504632769052528E-36, 0.06643342346405462
4.37, 128, 17, 1.504632769052528E-36, 0.06643342346405462
4.34, 128, 17, 1.504632769052528E-36, 0.06643342346405462
4.37, 128, 17, 1.504632769052528E-36, 0.06643342346405462
4.83, 128, 18, 1.1754943508222875E-38, 0.06643342346405462
4.96, 128, 18, 1.1754943508222875E-38, 0.06643342346405462
4.93, 128, 18, 1.1754943508222875E-38, 0.06643342346405462
4.76, 128, 18, 1.1754943508222875E-38, 0.06643342346405462
4.95, 128, 18, 1.1754943508222875E-38, 0.06643342346405462
4.87, 128, 18, 1.1754943508222875E-38, 0.06643342346405462
4.93, 128, 18, 1.1754943508222875E-38, 0.06643342346405462
4.85, 128, 18, 1.1754943508222875E-38, 0.06643342346405462
4.82, 128, 18, 1.1754943508222875E-38, 0.06643342346405462
4.80, 128, 18, 1.1754943508222875E-38, 0.06643342346405462
5.32, 128, 19, 9.183549615799121E-41, 0.06643342346405462
5.33, 128, 19, 9.183549615799121E-41, 0.06643342346405462
5.36, 128, 19, 9.183549615799121E-41, 0.06643342346405462
5.50, 128, 19, 9.183549615799121E-41, 0.06643342346405462
5.39, 128, 19, 9.183549615799121E-41, 0.06643342346405462
5.32, 128, 19, 9.183549615799121E-41, 0.06643342346405462
5.25, 128, 19, 9.183549615799121E-41, 0.06643342346405462
5.43, 128, 19, 9.183549615799121E-41, 0.06643342346405462
5.31, 128, 19, 9.183549615799121E-41, 0.06643342346405462
5.34, 128, 19, 9.183549615799121E-41, 0.06643342346405462
5.93, 128, 20, 7.1746481373430634E-43, 0.06643342346405462
5.98, 128, 20, 7.1746481373430634E-43, 0.06643342346405462
5.99, 128, 20, 7.1746481373430634E-43, 0.06643342346405462
5.97, 128, 20, 7.1746481373430634E-43, 0.06643342346405462
6.01, 128, 20, 7.1746481373430634E-43, 0.06643342346405462
5.87, 128, 20, 7.1746481373430634E-43, 0.06643342346405462
5.82, 128, 20, 7.1746481373430634E-43, 0.06643342346405462
5.98, 128, 20, 7.1746481373430634E-43, 0.06643342346405462
5.91, 128, 20, 7.1746481373430634E-43, 0.06643342346405462
5.85, 128, 20, 7.1746481373430634E-43, 0.06643342346405462
0.69, 256, 1, 0.00390625, 0.03687450625387197
0.69, 256, 1, 0.00390625, 0.03687450625387197
0.70, 256, 1, 0.00390625, 0.03687450625387197
0.70, 256, 1, 0.00390625, 0.03687450625387197
0.70, 256, 1, 0.00390625, 0.03687450625387197
0.71, 256, 1, 0.00390625, 0.03687450625387197
0.69, 256, 1, 0.00390625, 0.03687450625387197
0.70, 256, 1, 0.00390625, 0.03687450625387197
0.69, 256, 1, 0.00390625, 0.03687450625387197
0.69, 256, 1, 0.00390625, 0.03687450625387197
0.77, 256, 2, 1.52587890625E-5, 0.03701854729392617
0.77, 256, 2, 1.52587890625E-5, 0.03701854729392617
0.77, 256, 2, 1.52587890625E-5, 0.03701854729392617
0.78, 256, 2, 1.52587890625E-5, 0.03701854729392617
0.77, 256, 2, 1.52587890625E-5, 0.03701854729392617
0.78, 256, 2, 1.52587890625E-5, 0.03701854729392617
0.77, 256, 2, 1.52587890625E-5, 0.03701854729392617
0.79, 256, 2, 1.52587890625E-5, 0.03701854729392617
0.77, 256, 2, 1.52587890625E-5, 0.03701854729392617
0.77, 256, 2, 1.52587890625E-5, 0.03701854729392617
0.86, 256, 3, 5.9604644775390625E-8, 0.03701910995423888
0.85, 256, 3, 5.9604644775390625E-8, 0.03701910995423888
0.84, 256, 3, 5.9604644775390625E-8, 0.03701910995423888
0.85, 256, 3, 5.9604644775390625E-8, 0.03701910995423888
0.84, 256, 3, 5.9604644775390625E-8, 0.03701910995423888
0.84, 256, 3, 5.9604644775390625E-8, 0.03701910995423888
0.84, 256, 3, 5.9604644775390625E-8, 0.03701910995423888
0.87, 256, 3, 5.9604644775390625E-8, 0.03701910995423888
0.85, 256, 3, 5.9604644775390625E-8, 0.03701910995423888
0.86, 256, 3, 5.9604644775390625E-8, 0.03701910995423888
0.97, 256, 4, 2.3283064365386963E-10, 0.037019112152130725
0.96, 256, 4, 2.3283064365386963E-10, 0.037019112152130725
0.95, 256, 4, 2.3283064365386963E-10, 0.037019112152130725
1.06, 256, 4, 2.3283064365386963E-10, 0.037019112152130725
0.95, 256, 4, 2.3283064365386963E-10, 0.037019112152130725
0.95, 256, 4, 2.3283064365386963E-10, 0.037019112152130725
0.95, 256, 4, 2.3283064365386963E-10, 0.037019112152130725
0.96, 256, 4, 2.3283064365386963E-10, 0.037019112152130725
0.96, 256, 4, 2.3283064365386963E-10, 0.037019112152130725
0.94, 256, 4, 2.3283064365386963E-10, 0.037019112152130725
1.08, 256, 5, 9.094947017729282E-13, 0.03701911216071624
1.09, 256, 5, 9.094947017729282E-13, 0.03701911216071624
1.09, 256, 5, 9.094947017729282E-13, 0.03701911216071624
1.10, 256, 5, 9.094947017729282E-13, 0.03701911216071624
1.06, 256, 5, 9.094947017729282E-13, 0.03701911216071624
1.08, 256, 5, 9.094947017729282E-13, 0.03701911216071624
1.09, 256, 5, 9.094947017729282E-13, 0.03701911216071624
1.07, 256, 5, 9.094947017729282E-13, 0.03701911216071624
1.09, 256, 5, 9.094947017729282E-13, 0.03701911216071624
1.08, 256, 5, 9.094947017729282E-13, 0.03701911216071624
1.26, 256, 6, 3.552713678800501E-15, 0.037019112160749774
1.24, 256, 6, 3.552713678800501E-15, 0.037019112160749774
1.24, 256, 6, 3.552713678800501E-15, 0.037019112160749774
1.27, 256, 6, 3.552713678800501E-15, 0.037019112160749774
1.25, 256, 6, 3.552713678800501E-15, 0.037019112160749774
1.27, 256, 6, 3.552713678800501E-15, 0.037019112160749774
1.26, 256, 6, 3.552713678800501E-15, 0.037019112160749774
1.31, 256, 6, 3.552713678800501E-15, 0.037019112160749774
1.26, 256, 6, 3.552713678800501E-15, 0.037019112160749774
1.26, 256, 6, 3.552713678800501E-15, 0.037019112160749774
1.45, 256, 7, 1.3877787807814457E-17, 0.037019112160749906
1.46, 256, 7, 1.3877787807814457E-17, 0.037019112160749906
1.46, 256, 7, 1.3877787807814457E-17, 0.037019112160749906
1.47, 256, 7, 1.3877787807814457E-17, 0.037019112160749906
1.45, 256, 7, 1.3877787807814457E-17, 0.037019112160749906
1.45, 256, 7, 1.3877787807814457E-17, 0.037019112160749906
1.45, 256, 7, 1.3877787807814457E-17, 0.037019112160749906
1.48, 256, 7, 1.3877787807814457E-17, 0.037019112160749906
1.43, 256, 7, 1.3877787807814457E-17, 0.037019112160749906
1.45, 256, 7, 1.3877787807814457E-17, 0.037019112160749906
1.64, 256, 8, 5.421010862427522E-20, 0.03701911216074991
1.72, 256, 8, 5.421010862427522E-20, 0.03701911216074991
1.68, 256, 8, 5.421010862427522E-20, 0.03701911216074991
1.69, 256, 8, 5.421010862427522E-20, 0.03701911216074991
1.64, 256, 8, 5.421010862427522E-20, 0.03701911216074991
1.71, 256, 8, 5.421010862427522E-20, 0.03701911216074991
1.65, 256, 8, 5.421010862427522E-20, 0.03701911216074991
1.65, 256, 8, 5.421010862427522E-20, 0.03701911216074991
1.70, 256, 8, 5.421010862427522E-20, 0.03701911216074991
1.75, 256, 8, 5.421010862427522E-20, 0.03701911216074991
1.84, 256, 9, 2.1175823681357508E-22, 0.037019112160749906
1.85, 256, 9, 2.1175823681357508E-22, 0.037019112160749906
1.87, 256, 9, 2.1175823681357508E-22, 0.037019112160749906
1.87, 256, 9, 2.1175823681357508E-22, 0.037019112160749906
1.82, 256, 9, 2.1175823681357508E-22, 0.037019112160749906
1.86, 256, 9, 2.1175823681357508E-22, 0.037019112160749906
1.83, 256, 9, 2.1175823681357508E-22, 0.037019112160749906
1.88, 256, 9, 2.1175823681357508E-22, 0.037019112160749906
1.93, 256, 9, 2.1175823681357508E-22, 0.037019112160749906
1.86, 256, 9, 2.1175823681357508E-22, 0.037019112160749906
2.04, 256, 10, 8.271806125530277E-25, 0.037019112160749906
2.08, 256, 10, 8.271806125530277E-25, 0.037019112160749906
2.04, 256, 10, 8.271806125530277E-25, 0.037019112160749906
2.07, 256, 10, 8.271806125530277E-25, 0.037019112160749906
2.06, 256, 10, 8.271806125530277E-25, 0.037019112160749906
2.05, 256, 10, 8.271806125530277E-25, 0.037019112160749906
2.03, 256, 10, 8.271806125530277E-25, 0.037019112160749906
2.04, 256, 10, 8.271806125530277E-25, 0.037019112160749906
2.09, 256, 10, 8.271806125530277E-25, 0.037019112160749906
2.03, 256, 10, 8.271806125530277E-25, 0.037019112160749906
2.29, 256, 11, 3.2311742677852644E-27, 0.037019112160749906
2.29, 256, 11, 3.2311742677852644E-27, 0.037019112160749906
2.27, 256, 11, 3.2311742677852644E-27, 0.037019112160749906
2.33, 256, 11, 3.2311742677852644E-27, 0.037019112160749906
2.30, 256, 11, 3.2311742677852644E-27, 0.037019112160749906
2.31, 256, 11, 3.2311742677852644E-27, 0.037019112160749906
2.30, 256, 11, 3.2311742677852644E-27, 0.037019112160749906
2.29, 256, 11, 3.2311742677852644E-27, 0.037019112160749906
2.50, 256, 11, 3.2311742677852644E-27, 0.037019112160749906
2.30, 256, 11, 3.2311742677852644E-27, 0.037019112160749906
2.59, 256, 12, 1.2621774483536189E-29, 0.037019112160749906
2.57, 256, 12, 1.2621774483536189E-29, 0.037019112160749906
2.64, 256, 12, 1.2621774483536189E-29, 0.037019112160749906
2.61, 256, 12, 1.2621774483536189E-29, 0.037019112160749906
2.55, 256, 12, 1.2621774483536189E-29, 0.037019112160749906
2.61, 256, 12, 1.2621774483536189E-29, 0.037019112160749906
2.60, 256, 12, 1.2621774483536189E-29, 0.037019112160749906
2.61, 256, 12, 1.2621774483536189E-29, 0.037019112160749906
2.58, 256, 12, 1.2621774483536189E-29, 0.037019112160749906
2.66, 256, 12, 1.2621774483536189E-29, 0.037019112160749906
2.89, 256, 13, 4.930380657631324E-32, 0.037019112160749906
2.98, 256, 13, 4.930380657631324E-32, 0.037019112160749906
2.90, 256, 13, 4.930380657631324E-32, 0.037019112160749906
2.88, 256, 13, 4.930380657631324E-32, 0.037019112160749906
2.83, 256, 13, 4.930380657631324E-32, 0.037019112160749906
2.90, 256, 13, 4.930380657631324E-32, 0.037019112160749906
2.89, 256, 13, 4.930380657631324E-32, 0.037019112160749906
2.88, 256, 13, 4.930380657631324E-32, 0.037019112160749906
2.85, 256, 13, 4.930380657631324E-32, 0.037019112160749906
2.83, 256, 13, 4.930380657631324E-32, 0.037019112160749906
3.38, 256, 14, 1.9259299443872359E-34, 0.037019112160749906
3.17, 256, 14, 1.9259299443872359E-34, 0.037019112160749906
3.21, 256, 14, 1.9259299443872359E-34, 0.037019112160749906
3.23, 256, 14, 1.9259299443872359E-34, 0.037019112160749906
3.29, 256, 14, 1.9259299443872359E-34, 0.037019112160749906
3.24, 256, 14, 1.9259299443872359E-34, 0.037019112160749906
3.23, 256, 14, 1.9259299443872359E-34, 0.037019112160749906
3.19, 256, 14, 1.9259299443872359E-34, 0.037019112160749906
3.15, 256, 14, 1.9259299443872359E-34, 0.037019112160749906
3.21, 256, 14, 1.9259299443872359E-34, 0.037019112160749906
3.58, 256, 15, 7.52316384526264E-37, 0.037019112160749906
3.54, 256, 15, 7.52316384526264E-37, 0.037019112160749906
3.52, 256, 15, 7.52316384526264E-37, 0.037019112160749906
3.55, 256, 15, 7.52316384526264E-37, 0.037019112160749906
3.57, 256, 15, 7.52316384526264E-37, 0.037019112160749906
3.53, 256, 15, 7.52316384526264E-37, 0.037019112160749906
3.54, 256, 15, 7.52316384526264E-37, 0.037019112160749906
3.58, 256, 15, 7.52316384526264E-37, 0.037019112160749906
3.59, 256, 15, 7.52316384526264E-37, 0.037019112160749906
3.58, 256, 15, 7.52316384526264E-37, 0.037019112160749906
4.05, 256, 16, 2.9387358770557188E-39, 0.037019112160749906
4.04, 256, 16, 2.9387358770557188E-39, 0.037019112160749906
4.06, 256, 16, 2.9387358770557188E-39, 0.037019112160749906
4.18, 256, 16, 2.9387358770557188E-39, 0.037019112160749906
4.03, 256, 16, 2.9387358770557188E-39, 0.037019112160749906
4.01, 256, 16, 2.9387358770557188E-39, 0.037019112160749906
4.08, 256, 16, 2.9387358770557188E-39, 0.037019112160749906
4.03, 256, 16, 2.9387358770557188E-39, 0.037019112160749906
4.00, 256, 16, 2.9387358770557188E-39, 0.037019112160749906
4.03, 256, 16, 2.9387358770557188E-39, 0.037019112160749906
4.51, 256, 17, 1.1479437019748901E-41, 0.037019112160749906
4.40, 256, 17, 1.1479437019748901E-41, 0.037019112160749906
4.52, 256, 17, 1.1479437019748901E-41, 0.037019112160749906
4.45, 256, 17, 1.1479437019748901E-41, 0.037019112160749906
4.38, 256, 17, 1.1479437019748901E-41, 0.037019112160749906
4.44, 256, 17, 1.1479437019748901E-41, 0.037019112160749906
4.49, 256, 17, 1.1479437019748901E-41, 0.037019112160749906
4.45, 256, 17, 1.1479437019748901E-41, 0.037019112160749906
4.53, 256, 17, 1.1479437019748901E-41, 0.037019112160749906
4.45, 256, 17, 1.1479437019748901E-41, 0.037019112160749906
4.64, 256, 18, 4.4841550858394146E-44, 0.037019112160749906
4.69, 256, 18, 4.4841550858394146E-44, 0.037019112160749906
4.76, 256, 18, 4.4841550858394146E-44, 0.037019112160749906
4.72, 256, 18, 4.4841550858394146E-44, 0.037019112160749906
4.69, 256, 18, 4.4841550858394146E-44, 0.037019112160749906
4.65, 256, 18, 4.4841550858394146E-44, 0.037019112160749906
4.73, 256, 18, 4.4841550858394146E-44, 0.037019112160749906
4.77, 256, 18, 4.4841550858394146E-44, 0.037019112160749906
4.71, 256, 18, 4.4841550858394146E-44, 0.037019112160749906
4.72, 256, 18, 4.4841550858394146E-44, 0.037019112160749906
5.41, 256, 19, 1.7516230804060213E-46, 0.037019112160749906
5.41, 256, 19, 1.7516230804060213E-46, 0.037019112160749906
5.36, 256, 19, 1.7516230804060213E-46, 0.037019112160749906
5.23, 256, 19, 1.7516230804060213E-46, 0.037019112160749906
5.25, 256, 19, 1.7516230804060213E-46, 0.037019112160749906
5.24, 256, 19, 1.7516230804060213E-46, 0.037019112160749906
5.25, 256, 19, 1.7516230804060213E-46, 0.037019112160749906
5.31, 256, 19, 1.7516230804060213E-46, 0.037019112160749906
5.37, 256, 19, 1.7516230804060213E-46, 0.037019112160749906
5.26, 256, 19, 1.7516230804060213E-46, 0.037019112160749906
5.82, 256, 20, 6.842277657836021E-49, 0.037019112160749906
5.92, 256, 20, 6.842277657836021E-49, 0.037019112160749906
5.90, 256, 20, 6.842277657836021E-49, 0.037019112160749906
5.74, 256, 20, 6.842277657836021E-49, 0.037019112160749906
5.83, 256, 20, 6.842277657836021E-49, 0.037019112160749906
5.67, 256, 20, 6.842277657836021E-49, 0.037019112160749906
6.07, 256, 20, 6.842277657836021E-49, 0.037019112160749906
5.81, 256, 20, 6.842277657836021E-49, 0.037019112160749906
5.84, 256, 20, 6.842277657836021E-49, 0.037019112160749906
6.07, 256, 20, 6.842277657836021E-49, 0.037019112160749906
